2723
8164
2001
1772
5931
2107
2539
3018
3777
9453
9368
1880
6050
9346
3988
9143
7943
8312
8554
2055
8651
8082
947
1221
5158
6357
3486
5195
1813
9336
2746
2264
6000
9334
7071
3268
2465
9167
4720
310
1662
6229
73
6296
3584
5617
6364
8667
9394
256
3034
5251
8249
3001
4810
6671
3215
9952
9536
8533
7406
6396
1662
6176
6890
2118
1124
7250
3659
5770
6544
4890
9766
3279
8523
6561
8457
6704
5753
6296
6273
6009
405
9614
7799
5892
675
4027
5334
7313
8069
1888
9709
8884
2230
8570
8135
1815
4571
9747
2326
968
2546
434
6963
4432
3316
9689
4446
9700
4881
1030
6000
8206
7116
3471
9356
1369
9189
6965
6838
6335
2510
2174
442
5147
8574
6340
5506
433
476
2059
4353
2783
179
3967
7837
2602
3278
1826
1381
4974
8064
6296
935
1597
5626
3956
3223
6255
8918
1117
2828
8540
220
7464
536
2961
2019
4347
3284
8675
6576
8765
9506
7523
3943
6425
8422
5084
5765
7826
5134
8748
1110
6009
2273
7721
9741
7702
6609
7795
2403
3513
996
4093
3398
5022
7931
9936
2799
3832
3921
2685
9926
2370
962
5625
9537
9388
8808
8394
8705
8956
7844
4604
3051
8661
9885
2308
4203
6651
9064
3346
9150
4055
4581
8291
6451
9414
8912
2159
9241
4882
758
3986
1643
5149
4973
7115
5946
6508
4381
5447
7483
6397
9102
8241
6528
9070
8443
2220
6814
7595
6509
7680
671
8789
9784
3423
1526
3331
4633
4928
4484
5613
5856
1335
7986
5446
4365
4033
8066
9041
7991
9257
3131
6110
3322
6384
969
8512
1894
7271
9897
9841
8779
5747
4677
5564
775
475
4871
3634
2455
361
165
3427
3680
8522
5393
2070
6982
3366
6263
3552
6431
7430
9858
3252
7606
6348
1920
1115
588
5755
617
6570
1129
2602
3736
1736
830
766
9529
9913
8610
629
3149
8427
6944
791
4903
3899
6639
9180
8594
3003
2333
8139
4858
8005
8260
8339
7915
7673
3169
8614
1614
9260
580
8283
9947
8626
9828
1744
9745
79
1956
4747
6166
6137
2714
7305
4598
2761
92
138
4231
813
3302
717
7276
7106
9650
9119
519
4353
3689
2227
6370
4130
3925
5499
8081
641
7279
1027
2793
4776
9584
6002
8951
7751
6668
2033
77
6480
6449
1510
9277
6487
9995
1841
3815
3931
3940
6716
7579
5520
6044
8041
468
9106
110
9222
772
9068
7336
5915
1725
9568
778
399
7683
1413
212
2650
2208
788
1381
3342
8498
9585
1078
8404
8725
5228
662
410
200
9625
9305
3528
32
7173
2493
6406
4494
591
9206
4693
120
7153
7977
2567
9698
8141
5468
5877
4973
1885
7542
4756
4958
8407
9358
3890
7830
2732
1590
7237
8412
5681
3739
2827
1601
1350
7084
9768
5786
9965
4405
9673
340
9116
1406
3930
2886
9668
6681
4657
8667
5818
7600
3157
8316
6429
4586
3461
4771
1965
998
5794
7236
3854
7477
3943
3429
983
1680
4103
1778
5721
2856
992
6013
8084
6772
3186
1736
3979
4257
5703
1429
6418
8898
7845
5744
3122
2899
9290
685
4756
4201
5907
8423
6387
1734
2803
9681
3163
4474
5603
4789
3595
146
3008
9755
3565
5865
7850
118
7227
9120
9693
6272
4057
9705
120
1001
7172
295
6333
4928
7715
9947
2890
3694
3519
4549
3154
6442
7312
108
398
7323
1387
1225
8218
4619
2891
4227
6473
7398
222
6341
9628
2195
7158
97
2474
1248
6920
2733
2359
6029
1262
6417
4474
3924
8053
7993
1422
778
6669
6167
6512
5016
4735
5089
503
8142
700
125
4964
2657
3632
814
7778
708
6330
9874
9729
2750
7172
408
2126
7073
6473
4623
8018
2527
8615
37
8979
5505
1480
6725
7254
9761
94
4438
1025
9614
2936
7248
4248
8011
4645
447
9568
4342
2426
6937
7345
3265
276
4973
6165
2912
1957
3811
2351
8677
3172
8248
3412
4285
7473
4493
4208
1477
6302
2573
4101
8529
1066
2000
2021
4397
1031
9366
9399
2744
1849
8472
3205
376
6940
7644
8480
6690
6665
7256
6202
5271
86
7284
4506
1772
3738
6338
5134
9208
3440
1291
9899
2597
7712
5168
3912
5696
1035
4008
7185
8460
6337
5151
660
7941
5937
9391
4408
1436
63
9982
4153
9160
3865
9010
3978
9210
7110
307
8032
2146
5536
7442
3856
7111
7315
7032
6323
5792
9058
7844
5263
7646
8295
202
3498
3072
2256
2797
7117
5327
5275
9913
5962
1219
7463
7830
2737
5199
9820
4270
2408
3738
2319
6556
5570
6535
3350
6397
879
4222
3420
1690
2764
3189
8538
6108
9028
4511
6926
8788
3329
6585
2561
528
5594
2462
9401
1839
141
4186
6865
2564
8163
8549
3194
8539
6349
1702
6582
3638
5605
7952
8098
907
948
1453
3775
3590
4333
9807
953
7336
4911
2717
4524
8414
1024
3846
3
4373
1954
6299
4705
2919
4772
5087
4244
9893
2381
4520
8313
9105
1467
1558
7196
6612
3422
1149
8061
1577
6468
7975
6824
8668
3503
956
3968
1501
340
5325
5371
760
2441
5728
1731
3240
7447
1336
6033
70
2116
6794
9571
4698
6
4770
1779
8237
628
6062
7811
4115
2849
9580
6373
9033
2183
4761
443
2439
2361
819
2690
9976
7038
5553
1288
5599
3675
9355
5069
5508
957
3940
7990
5867
4345
5475
550
3042
4592
3859
6910
2583
8488
9234
4336
9495
7269
8142
2610
8970
7262
6758
2724
9954
6828
1520
8304
5165
4402
8885
4032
632
9934
998
1547
821
6092
6441
960
4096
2423
1286
4968
6652
4629
2430
3551
5365
703
2939
3364
603
6514
5107
5517
4616
6269
7544
5485
8752
7960
1276
452
7900
1624
1606
3315
3143
5574
3783
8840
7650
328
8378
8713
9123
7061
1236
3149
5160
8680
6822
9485
9846
4345
4607
8246
633
813
2587
2781
5382
2826
8084
1374
8207
9957
4102
8893
3793
6649
8449
6631
429
7119
8581
4600
8848
9514
3878
8693
