4165
5771
6305
7687
7867
9973
1519
6549
5607
590
7806
8551
4612
2881
1257
6248
6198
9683
9428
9293
9102
5555
3244
4080
5941
1086
8713
4385
4250
8600
5558
4890
5831
2685
523
8609
9068
2636
4205
524
6796
5971
9839
7849
3404
6607
9391
3429
707
7911
625
398
2812
3114
6458
4732
8886
2391
4681
4709
8757
6264
7421
6343
5742
5743
4585
1078
6032
8962
5725
5976
1626
3633
1930
5368
2277
9282
2435
1383
2075
2130
7755
2669
4492
4052
1080
4494
5414
9298
1024
5112
1473
5552
4831
7432
1452
4097
4987
1123
4548
500
6518
6004
1802
3955
7453
9334
4921
1763
5074
6225
4568
1199
5325
384
4212
6374
7984
9432
976
2840
1230
992
951
361
8749
6341
1958
4695
5868
6533
4577
4884
8029
5962
446
2673
9582
9596
4391
91
7624
7857
8830
4977
7207
2857
3642
2326
7387
8319
4360
2303
8367
2745
5568
2273
8432
8037
9563
8286
4944
613
9832
2562
2259
9717
8523
5097
9435
6272
9093
5410
4232
6206
3089
6237
5192
6251
6930
1615
8606
124
8982
2639
4042
2496
9884
8227
8802
9085
2975
6171
2943
8848
1778
9798
1918
468
4508
9974
5161
2643
647
2116
5839
2015
7013
2936
3178
9015
775
6079
3663
4909
1188
5960
2079
2954
9664
864
1842
2075
7706
5304
6343
2825
3847
3730
7792
1186
8965
8039
9654
1644
5773
8860
8119
7678
6346
5424
5615
7768
4923
5337
4049
1285
3734
1187
8963
5339
1897
4938
1048
986
2503
4991
8424
1568
3811
1252
7772
4753
6818
8779
4410
1888
4590
9066
3727
619
3351
8724
5625
9799
9127
8889
2185
3961
7220
3107
1985
2009
835
7258
774
436
7006
7565
2523
3445
170
5758
7792
9520
7725
1944
2000
4461
3470
644
3298
1006
2117
5937
9427
4793
4620
4465
176
4830
6187
2435
4804
2007
830
7700
286
5944
4073
4961
6065
5837
6706
8430
380
7538
7703
1194
6840
5946
2475
8337
6246
7640
3213
2988
289
918
635
2943
6
3903
6933
9043
3897
2880
1026
5834
2066
7458
2889
9502
9002
9753
6236
2433
4374
5170
4369
9821
7708
8067
4692
9770
9844
8443
9391
5800
7559
7809
2508
7558
3589
461
434
8137
6998
4402
3322
510
6133
1773
149
2648
6213
7171
964
8510
8073
8096
4013
8126
1305
1435
6458
3139
3671
6423
637
9673
8498
371
1965
6598
6879
7110
2493
2693
6833
4858
8723
2698
5447
9697
8309
3558
5568
874
536
369
3158
3520
9587
7010
873
4188
3411
1426
8662
5811
6539
424
8621
9509
5432
7235
4526
1065
91
8494
1953
8364
6069
1122
7803
7428
450
2222
3572
5440
5749
1590
9489
6779
4651
261
1769
9869
7367
6763
124
3681
2784
536
6220
9043
8810
5836
1652
1844
2781
2836
1282
5501
6514
1723
1429
9811
2683
5222
6364
5332
5804
8853
9499
2359
8069
5243
7092
3228
1031
788
836
3472
7322
2131
3762
2984
