2490
4779
9407
4540
2028
5532
2543
3096
9035
5194
952
1122
3507
2946
5360
3800
5582
1184
7146
5246
6955
2751
1112
4961
1652
7846
2095
8642
2067
6810
190
496
5749
870
3174
4512
9939
5604
4882
9680
7145
1620
695
525
5677
6063
2281
2757
7851
4878
3796
9133
2157
8742
4209
760
1433
5207
8530
9247
9419
2431
6827
2907
1223
9576
8648
5315
6359
4143
3246
9482
6325
5091
8971
3298
6735
9425
7322
2933
2763
5888
7305
3011
8858
2868
4369
6255
8139
4970
9820
6478
6295
4823
9375
3121
6990
4009
6512
1157
1098
6719
1235
8232
8247
4835
6896
8410
4501
8807
8011
6801
2445
8477
3623
1458
7748
7232
6264
1491
6551
9804
6249
4684
9306
5601
447
7645
4573
6654
6017
1031
7620
5935
362
6655
2409
5690
1883
897
7186
4603
8267
9416
5323
9553
3839
5714
9510
6961
1991
2320
6274
6188
1250
8712
2038
5619
5925
7273
1287
1042
1484
4597
5980
2859
1756
9336
7688
8373
4109
4660
5415
745
1812
6079
7120
1233
4095
7844
2367
1857
3578
5744
4414
1402
8368
1670
6217
3422
6935
8562
9800
3702
9416
1651
7617
8611
7789
2979
7972
5849
9219
6953
9771
9644
136
102
9700
1311
1953
4134
8895
1925
918
8216
9917
5241
6403
2955
6148
1782
2798
3234
3901
5659
4421
1269
2421
1342
8083
511
6938
1217
1863
418
6212
9060
4106
6673
4347
4810
9478
8956
5540
8808
6898
8245
1995
3582
1734
5098
4978
4344
2894
3488
8160
3227
2994
7784
1193
3671
6802
4151
9718
9112
8514
2726
4450
4316
6581
898
4151
1144
6650
995
1297
3827
143
3781
362
6018
9404
6354
6184
5063
4507
82
6845
5306
3944
6550
6768
1763
387
7748
8897
6572
7120
6147
8166
6871
1982
6226
8485
9112
3797
6036
3216
3570
2092
6416
701
2054
6626
4621
5253
6966
2955
2631
5871
7065
6828
6555
8337
9517
6598
3235
2345
6777
5148
9322
3704
3435
8837
5427
5746
6882
7035
2055
231
2394
7089
7297
1406
8147
2427
1525
1116
2542
3827
8212
7128
7507
9730
9789
5428
9039
546
9104
3614
8386
1181
9582
9485
330
5413
6700
1329
6193
843
3083
1612
4018
2792
4417
6344
1255
9273
5592
116
7105
345
7477
8617
4577
5453
6326
1018
9690
4270
5038
5357
866
5322
7871
4426
4158
9232
8124
9536
7231
8488
5796
7320
8362
8683
4368
2625
7166
2130
1036
3890
189
6025
2698
2072
110
7565
587
8910
3808
6467
5393
1753
9414
1189
402
9674
3558
8039
2800
3645
8562
181
5286
563
8147
4261
9236
6130
9456
4472
4004
2037
4909
9822
8801
7661
3568
6667
7769
3199
4891
6930
2355
8349
3203
7281
9449
9600
8026
7322
9717
5051
8605
6826
4733
3583
2284
4934
7310
4101
259
3140
6707
7946
1381
231
1133
6790
6307
3597
8851
1265
3032
6208
6926
8777
9062
493
7695
5985
4321
6707
5777
4522
5943
1298
4483
3947
1608
762
9232
2817
4503
5152
6920
3739
1785
3265
6290
8225
5144
8235
3490
9958
3397
694
6520
7825
7951
3720
8581
2935
8932
4163
2225
6976
4433
3384
1012
7692
4260
5242
2242
8722
7877
2495
8891
4490
7030
472
5887
5816
481
3183
3817
3725
3673
6475
3936
1271
4628
4698
9844
6445
1334
690
6434
3569
7321
3254
2411
8891
603
9917
4859
8047
4646
1974
4231
6153
6034
5797
871
8947
5829
4078
5640
7494
6374
2031
2890
4753
284
7435
7104
8598
7954
5509
7277
6408
3834
7195
3486
6294
7424
7190
908
644
6130
6063
8132
9733
8923
2162
7231
4372
7840
1488
2547
3045
457
1556
8331
5413
7663
9322
8960
6944
916
3028
9517
9921
4889
5586
8069
530
5481
2039
8583
2874
9094
2522
7528
1454
5020
3655
9424
2819
5780
4704
1788
9053
3840
3369
3006
4613
5168
8197
9331
2105
2692
1901
5920
3569
6547
2941
1679
5353
4274
9278
2032
6297
2986
8045
4432
5763
3751
2323
5076
7953
5509
7630
2318
7717
851
6481
2104
219
7536
5876
3351
4796
4916
9882
7598
2621
3708
1488
1774
791
9459
5288
5886
8665
650
4515
9156
8242
7050
4784
1583
4482
8550
6254
794
9385
7636
6354
2190
988
4600
5106
4962
6546
7921
5653
6177
178
3216
974
6835
8996
3226
4145
4039
5797
8934
5550
3342
8211
5345
9686
7288
3796
5208
1709
1645
9813
4203
9973
2430
8824
9331
8459
2083
7941
9031
2122
4517
9437
6364
7210
5328
5883
4764
594
5277
7598
3666
4156
713
7212
7130
6714
3285
3601
539
160
4575
357
1205
6529
2350
4462
8930
5351
2802
7813
5539
568
8109
1679
2089
8757
3502
110
7016
701
1884
4145
1263
4706
2505
6691
5038
8751
7210
7634
7394
2880
4898
220
563
107
9042
4117
1424
3609
6628
8972
5101
881
8315
5055
6989
8391
346
2284
9327
9206
7973
8408
1567
6914
6843
1062
2416
8559
1668
6552
3985
9249
1940
4176
9647
1667
8285
2042
6108
5946
2143
6594
3742
6390
9977
4977
4375
4686
2349
4615
8542
2115
5612
1798
8776
7722
3656
4101
7007
3946
6249
5568
2858
6447
9409
8184
8563
5686
2673
2234
5005
4267
7170
8659
4329
3069
5837
8220
8027
2900
8047
46
496
1662
5801
9927
5550
6544
8120
4206
2630
1772
1818
2992
6599
9769
586
6693
4239
4409
1891
7201
5042
122
15
5478
6389
9883
5203
4596
2475
9291
9626
4814
9840
1853
9192
8458
3915
573
593
2634
4114
5922
6851
4159
4619
9062
3787
1453
816
7073
5017
8136
6308
2267
3321
8713
8228
2334
4597
4615
7259
2568
8916
3795
1477
9741
1739
9950
7131
3552
5331
8693
4680
5529
1651
412
5152
2319
599
3218
8771
257
3653
3140
6290
8276
3606
1281
270
8058
5128
1166
1276
993
6937
4219
5564
6732
1856
374
2368
6944
70
1669
5979
3541
2143
5840
279
6372
4194
544
5549
1672
7972
8231
6889
3276
3407
5941
7924
6462
5805
5952
2882
9395
604
6703
1434
238
2316
2902
9649
4303
3940
3035
2336
5704
2602
5290
3564
5625
6927
3742
3195
9021
5230
4256
1578
5278
821
6391
2578
1784
2296
4180
2217
7218
8537
3978
5489
486
7753
9415
9019
9611
7146
2027
5922
2015
2919
4998
250
6762
1789
249
3400
3413
2073
438
8442
3317
1636
4863
3152
2281
1071
3713
1988
7030
5102
3235
9557
5389
1905
4063
5662
8086
9731
2081
5219
9089
832
4882
1621
5977
6424
8786
8479
9291
7725
5919
8708
5850
3161
3572
2526
5374
7531
2042
4396
9002
2472
8650
6068
6386
762
3068
2568
8961
1762
322
9418
3327
649
2980
8486
8284
1115
3888
2216
4683
6394
8637
5470
7123
2096
9808
7081
7801
3766
8556
8535
3549
657
5209
8031
8271
4740
8557
7428
7001
1206
4722
2107
2585
8730
8625
4727
6784
8429
9940
2443
924
8478
9455
7243
2219
3526
8786
3034
1130
957
7527
4773
3138
8667
2865
8693
1170
1918
5855
4993
7163
9361
7409
8291
6976
9182
971
8129
1047
9029
8853
5828
9226
5078
3953
9407
754
1693
9891
9875
7541
6028
2322
6175
3908
7148
1833
5896
3034
2328
7200
3891
2855
1605
6457
9946
4274
553
5576
2190
4462
5387
6671
5566
8177
3616
2399
4895
9712
1271
3269
8699
5025
2612
3258
964
5229
3739
7195
9077
5045
7373
7878
3780
4536
8210
5013
6183
2947
2285
5483
6620
889
8510
7202
5983
461
1887
697
7312
9440
1986
6323
8392
5726
9933
573
3164
2878
9702
6456
4219
8382
7750
8098
2204
9365
4366
62
6321
4286
9576
3253
3639
3439
9595
9094
6829
4725
4293
4547
178
9994
2804
8692
4719
9318
1263
7647
1884
2917
8246
8323
7910
1500
9466
5134
7623
3180
3569
8172
1120
1570
3578
3909
3413
3068
3781
6844
2576
9787
5056
7132
233
1048
1896
728
8676
1563
1557
2898
7036
4635
948
9533
2410
3079
9261
5621
3580
5373
2724
5490
594
8219
3029
6827
2551
9732
9711
7231
7247
2559
4764
9182
2455
7175
8259
4147
7501
4384
6758
7377
886
5421
9041
3284
1970
2609
776
3000
1311
2553
7849
3889
7751
3198
5378
1700
9080
2658
6178
2460
9983
8820
1775
2171
4244
735
5943
6251
1125
3206
1363
1893
3185
192
5198
9642
9420
3348
4636
1411
8115
5258
2018
8107
2928
3203
9685
216
1839
6831
5871
1746
3525
2490
644
273
5473
2150
8119
4931
43
6404
7244
5585
4873
6084
2116
9621
870
7372
9824
5867
8353
9215
9328
6986
3840
5665
394
8103
8438
6094
3741
912
5491
1221
7783
4584
5085
4018
8939
1120
2085
2212
3708
2886
2812
59
7917
8346
9455
6146
6674
7484
2550
4322
560
3429
4932
6991
4111
3931
3731
3897
4951
5709
1477
7105
2649
7779
8272
8091
9446
6086
853
2285
4087
5528
4218
3666
6856
9602
1654
4325
503
9226
4374
6099
2767
9500
4720
2197
8748
1366
8801
9193
2570
3096
3596
7860
6074
6274
8295
7428
4383
5445
278
3354
1064
698
9960
1346
3316
2511
9148
2185
9495
4517
5991
8895
3980
9333
1154
885
3886
2565
1797
2635
1249
4398
6171
8183
709
8618
1443
2377
3193
6142
8650
639
2363
3870
7024
2865
2203
9113
8112
9448
6844
3997
3915
4316
5903
4118
8801
7340
6432
983
8505
700
7938
5081
330
3712
6759
6155
4086
4058
8717
7213
5315
307
3097
486
883
3197
8194
5489
4687
6388
9806
1674
7771
9276
8946
4565
754
2620
6911
9259
1706
2623
6141
2449
2069
236
5831
4591
1962
439
5541
5044
8620
5831
5425
6707
3291
1366
4245
6521
8368
5412
4275
4423
6299
4929
6223
5030
4213
8161
7661
9395
7367
5261
3265
6750
1330
5165
2550
173
4725
7781
4656
9738
2378
1190
7564
4718
1637
9727
9381
8597
1389
9693
6789
1390
9876
2411
5226
2627
4359
2333
1692
2558
8733
5045
6849
2490
1055
2582
8670
3081
8026
2377
2159
6248
6321
6420
7988
4945
2436
4390
6208
6922
540
9858
5855
5867
1776
1846
8433
4917
476
1950
5415
8419
8740
6790
6378
9097
6575
9411
9710
1041
5560
453
5097
8028
5408
8017
7642
8805
9103
6877
5569
99
6794
8536
5609
2092
8085
1483
5363
5589
9270
5834
2929
2282
3966
1033
8653
255
8226
8171
7606
7638
9992
8318
8029
2520
3723
382
4534
5795
3073
3309
5470
6799
4054
3015
9349
4065
8689
9159
4491
381
5105
5068
2935
8911
442
3315
9377
9677
5175
4933
2576
4122
5423
6122
1045
3889
4143
3866
3642
33
3123
5586
3893
6414
4025
2296
1994
6875
7972
7067
723
9009
8942
9869
7759
5301
9324
170
2921
3184
6383
7326
450
4037
8686
6038
852
7727
1046
9364
3852
859
2044
6423
4555
941
6954
5255
3075
414
9760
8971
3614
2729
693
1491
5951
4284
303
4682
4059
1270
1745
5726
8474
7112
7560
4834
7114
6616
5156
6255
7597
3563
5475
6486
8918
1398
1956
1667
9212
5666
7618
2731
3047
800
5489
9440
8484
4266
7808
4412
8679
4138
812
4946
2098
457
3771
2734
8064
3676
9514
8453
1478
7188
2579
893
3156
4383
9929
5864
545
6924
1089
1049
3796
309
8578
8555
5402
1683
8133
1618
6806
9134
3384
6795
6391
979
525
4841
4113
3338
9953
8532
254
9548
7637
8611
7124
942
2194
7697
1244
6925
2379
5713
6019
917
9354
1359
8967
2930
525
3262
9360
718
1642
7724
7544
6611
3504
9239
8436
1549
1047
9511
7638
5980
1722
3836
2936
7743
5939
8771
7390
2802
4594
9245
2036
2632
6819
1112
8494
6780
6059
2381
4271
4613
7431
7846
766
8717
9684
3838
8375
2345
5470
8723
6494
2857
5796
349
9456
4571
2537
5351
8961
6273
8391
1145
4508
6632
5218
473
605
7665
4690
7817
534
7834
7772
1314
1903
1649
2419
7568
3095
7024
6466
1317
2296
3300
2563
4091
5671
8121
50
5476
7164
5499
5593
4896
6701
6462
6998
4441
5079
175
5500
6144
7270
1345
9765
8486
312
3370
450
1421
9643
8986
5128
254
2195
432
3412
9466
4909
4356
4898
6804
9784
4587
8355
4350
983
5619
5343
3902
1419
9388
5365
9249
959
260
1767
736
7171
3791
4242
7725
2189
2717
6222
6966
7712
5311
9655
5083
3804
6672
6354
107
881
306
5521
6009
1446
4933
5921
1340
9944
1842
9340
5222
3554
4502
1779
8511
3327
6428
3183
5238
3879
6120
5993
7861
6819
5015
7545
1494
8198
647
4442
3627
8783
4694
8444
5096
8838
4117
1763
5456
7972
5596
6474
4499
5892
6304
413
3690
4031
6361
8923
2542
9559
9658
3340
42
5511
8762
3637
6876
108
8034
3334
4589
1571
3078
1621
5542
8626
252
2982
8206
5538
4313
4155
6467
1962
6273
4714
9856
7104
8148
6029
3048
8678
5652
9629
3136
3455
6286
3128
458
7622
8332
8069
7803
7796
7475
8044
9123
6672
8842
7990
2872
8759
2998
1344
9683
7293
8844
2621
3255
2904
5859
8707
7720
8248
1247
9524
1138
9032
2321
8988
6894
5752
2234
8145
1075
5821
6511
4972
8976
5733
8419
8318
2298
2107
8360
693
181
1389
5293
1572
3689
7170
1948
1602
5099
5643
9918
7457
5659
9395
4656
1449
1101
7574
7091
522
3691
2671
3667
5707
1210
4772
5014
4670
957
3315
9350
5729
4948
4147
9893
9698
1274
7812
5898
3262
3025
2595
2067
3171
9633
8502
4865
7422
7569
5318
8288
1259
6627
3635
3621
214
327
8974
3651
2041
1836
1941
6413
8159
6319
9846
8709
7386
3142
8788
2198
2939
1038
8608
338
2212
3277
7504
1488
164
3663
2454
3729
552
1845
498
8646
3121
8953
3728
3294
4070
5288
8021
4659
3906
1616
5162
6078
6492
5580
4046
6200
6120
4154
1056
2748
6699
5706
5337
2537
8129
2871
272
5765
1860
752
2146
2212
2515
5273
859
2034
163
1571
6550
2270
9155
8042
2247
2479
1895
165
158
5714
3354
9124
5144
3945
2679
1768
1520
7487
4417
5064
835
8613
2294
6245
7893
4808
2015
6748
4152
5003
9283
2241
2035
6437
7220
4146
5520
4764
6526
5970
8481
2383
6946
3174
287
8050
310
6803
9384
2434
5361
2713
3594
1926
6332
6957
6578
4476
8266
7187
2973
9321
1664
1035
2390
7031
91
6824
645
5732
1970
4419
5314
3274
4119
2220
3888
4929
2738
1659
6894
5615
6203
9299
6513
302
3127
5533
2970
9775
4806
3175
3567
8965
9289
4219
2835
5062
7398
279
1764
642
2337
6626
1125
7825
9087
8520
6947
8049
1438
9332
666
2824
9751
2500
571
748
9851
6946
7605
6732
7005
2538
8652
9128
6138
5853
6588
497
3903
8137
8079
7089
3321
7821
3251
4592
4504
2969
7195
1943
6024
861
5110
7337
4499
3556
9571
4454
3236
3636
4439
1567
8097
6561
5198
3456
4589
4602
2611
2750
6026
4520
9083
1747
8918
7109
254
5206
5494
74
9914
1708
9552
1450
3757
2123
476
5747
1964
3828
3725
3298
5837
1926
3959
364
230
4631
8675
2636
6379
9453
1712
1474
2179
9462
8029
2353
3373
5890
5552
4018
4251
2110
4264
6146
1062
4450
7900
9679
174
2790
8166
7814
1805
4768
5220
173
8037
3381
7594
3246
3984
6994
9516
5601
2279
5694
6267
1949
6068
3950
7540
7720
6830
5055
509
6681
3976
2970
2676
3711
3918
458
6553
3268
5168
1472
8949
5412
6292
632
6009
8086
7811
3658
6430
1170
8383
8613
6326
3309
8025
2309
5714
9472
4048
335
7298
3408
4391
4135
4419
2148
9357
1142
2421
1276
8481
6177
5072
4895
913
5763
8296
2527
4990
2397
5040
2015
2605
3406
6281
7098
5814
5870
4136
5197
3918
3014
3403
6379
35
4648
8294
1324
4979
5225
6924
9957
1689
1309
8830
5791
2228
4682
2804
2188
4898
4278
9236
2906
3113
7067
2188
7821
1712
44
6345
3185
4266
6838
9889
506
4420
4108
2352
5433
6978
4613
8750
3265
6658
1200
2715
9620
5753
5111
3214
2922
6593
5128
6026
3124
2009
1196
7874
906
444
4111
4174
2381
2805
7772
260
9004
3450
6967
1383
4343
5940
5314
1782
6606
3688
1455
6406
7743
5404
3924
1681
4200
2298
657
7094
6701
8001
899
3098
4956
1227
9862
2674
9724
8768
5803
9784
7630
2785
1724
1263
5115
1037
3808
6462
8512
1446
9143
5214
3668
4784
1080
3651
1101
2798
7720
6845
9941
1750
2910
7805
2693
8087
8761
8297
8314
3528
31
8023
1645
711
4054
8122
5984
6157
7588
853
205
3748
7322
2625
8137
735
5361
5902
26
4279
4173
3081
2266
5759
6352
1776
5419
7408
3242
4827
1327
4400
9320
7268
7228
8075
660
3276
5667
6006
5566
2971
4165
8145
866
4601
2297
798
8292
9428
5660
5183
7772
1237
5974
6286
1493
8716
9230
6783
2839
1931
4126
2681
6728
7234
8581
6567
2231
9928
8413
3006
2455
5755
3123
8566
686
1019
3961
333
9902
5897
9412
6022
3639
9291
4006
3164
2293
9007
6298
8140
6255
5160
4090
4966
2726
7190
5793
3572
2349
7646
7793
6462
7728
2832
7919
6476
2394
7908
589
5117
4247
2674
239
8781
4981
3688
9811
4946
6878
2578
8810
966
1872
8045
4942
8075
9318
4287
6990
9971
3943
2142
4441
7636
5484
4803
3996
3767
6538
9688
5761
5710
2094
6516
1868
1323
7178
9455
879
2386
7287
8871
6527
4796
8311
8337
2587
5778
3793
2918
8150
5656
7320
9732
7324
5242
2325
7559
1901
1345
3555
3147
8992
4092
7335
896
4502
7428
7932
7896
7150
8364
590
7049
8697
2378
3133
9229
1198
4294
8177
1338
6854
987
8478
3575
6361
9390
5006
7416
5393
8184
7207
6209
2545
2061
6416
5124
597
6387
534
9760
4250
1712
4604
7536
5643
4312
3033
6668
4440
1501
5131
3229
5047
2950
3331
5003
7674
6813
4754
55
4622
1490
6063
2711
5827
16
887
1468
8259
3847
8546
869
1095
6400
3699
7183
23
6448
2653
8173
8407
3262
6728
6716
2218
1434
1564
7328
1481
3884
5392
7323
9606
8987
7894
1556
3817
8557
1025
8116
5221
2850
4893
1168
314
5268
149
71
6118
4178
8192
4079
7936
7205
4145
6450
1455
8357
7443
9378
5936
5240
1194
8480
6772
720
7751
6447
4639
7218
9309
6568
1857
7179
4683
9701
6099
488
1144
2674
4206
435
956
7503
145
2195
1846
9715
9061
9339
5332
2977
5031
3743
2185
6331
2338
7710
9538
599
7664
3849
583
2348
5333
154
8155
7661
6076
7002
5574
1454
5491
1933
3500
1932
8258
72
6637
1916
2840
8444
5339
4365
9423
5246
3670
8530
8561
5652
5827
641
3309
1990
2769
2656
6918
2992
685
8520
92
5770
1533
2695
3069
7191
2405
8018
8902
2388
8326
6942
9216
4551
7587
436
2709
9466
1546
9314
3417
993
9776
896
3228
299
7471
4162
5785
960
7326
9206
5023
9069
1561
8987
2540
5939
7703
8079
2171
2497
8628
3318
5750
7992
916
1466
5079
8862
1873
4994
646
692
8443
4651
3755
4134
1215
7641
8189
7429
439
8323
3745
7182
6154
8192
4641
7309
2326
4617
9721
3072
9072
378
5590
5771
7114
4766
3266
1284
7168
5775
1312
6479
1716
2569
5933
5054
3325
3790
2738
2096
8540
4166
4009
7562
5042
9401
7961
1092
7261
1859
9867
5250
3261
7853
2713
6169
5988
1397
3679
436
5937
1135
7047
663
6401
1467
6617
1489
6677
9227
2950
3958
3896
8765
8266
1680
9253
59
9741
8110
4556
7919
4389
762
6119
4464
3041
7910
4274
4710
4567
3485
3980
4767
6173
6383
3574
589
7990
8024
2335
5231
2612
6800
3400
6493
475
4011
4223
2133
9397
9517
2015
3141
9695
8775
3328
858
680
8994
2875
8488
9384
4520
5797
7565
369
3646
7761
5500
4659
6300
9296
9034
8656
9436
3328
117
3569
1169
9340
1839
4685
8104
8381
288
9025
9261
7126
1957
9478
9657
8654
2237
2656
7553
9431
1491
535
105
11
8626
7555
836
8817
9908
3144
7573
5692
6045
9325
4153
3063
9722
615
4763
2082
8496
3426
3672
4656
8614
5639
1279
8106
5574
592
3935
6680
5523
143
9523
9378
338
8532
6401
8304
2916
1677
4849
4934
6976
714
37
8930
4371
8359
1489
9513
4054
6081
1047
9196
2160
772
1704
9714
5233
5448
6103
7937
6067
599
2825
3798
1941
9286
7834
3992
5745
4425
1717
4619
3958
6270
6567
4981
5235
852
9958
7765
1897
7584
5096
511
4130
5518
7417
7928
3878
9947
3675
6395
4469
6948
5294
3166
3331
853
2256
4699
3217
2103
6776
7247
5480
6824
3857
1842
1101
9319
8223
5187
2095
3552
2971
8667
9471
5654
4282
4823
5979
8325
3781
2615
4839
1853
3656
6341
2045
6905
5292
8934
6833
5651
1555
787
8949
7905
844
9023
4609
1708
8148
512
8229
8016
1109
4684
2388
4378
315
2120
5896
6710
6240
1057
4064
3907
3828
1855
3041
1955
1427
9758
4878
2234
2841
3823
2141
3903
2681
9449
6166
1941
2009
1310
3313
8517
3337
6918
8238
1588
5400
1169
181
3254
7099
3647
3008
7536
5748
1456
5870
1549
1918
5844
7490
375
2452
2138
1603
6717
1855
3791
5144
3998
5206
9931
9584
7277
4554
2240
8625
2938
3627
2886
1168
1981
8223
8963
6434
476
6238
1628
8898
5909
2342
5475
8378
4097
4255
2405
9095
584
1035
4211
9912
9793
8362
8687
3224
9804
9337
2003
3497
6328
6828
3467
4135
795
1799
1107
9644
1582
4098
8760
667
4004
5731
4786
9047
3797
1670
7596
6330
5694
9377
2336
1169
3985
328
1336
7538
769
6554
8265
7040
9233
5998
2819
7958
9931
5606
8931
4994
1404
9080
9296
6315
8337
7407
7034
9309
2973
8962
9016
9768
2654
2166
1677
6096
5295
7258
8718
8239
3801
1554
1862
5236
3207
5767
4010
4709
734
6118
8308
9006
810
7443
4541
1716
6522
6400
2903
5409
5392
1248
2971
7971
3234
9443
6528
5864
9288
7630
5598
5211
2038
6298
968
2538
6870
7772
8931
7436
493
6900
6266
4562
880
9608
2588
1225
3196
2766
4373
3615
743
3098
2949
5166
2702
4686
9107
1287
509
7445
7186
614
6614
2129
8418
3799
7428
3200
7980
7778
7064
3829
2769
6755
4416
6926
2808
2008
8798
1609
6579
273
3938
9239
495
1259
6377
3900
6769
5034
5429
4119
1974
5103
10000
8500
8441
2510
472
8954
9588
5731
4105
401
2701
6122
8238
6070
6285
7337
1178
6111
3687
3876
1077
5232
2732
7914
1224
7933
2387
5699
2063
4835
7799
7050
4082
5141
5773
4362
5319
4873
3316
2885
668
3083
1736
6352
7374
2119
2690
672
2119
3072
8848
8220
2201
7266
8982
7269
5064
4562
9604
9610
1497
8869
4807
6806
7188
5314
8665
7392
9236
4568
503
6228
5186
6243
1959
1029
5588
7078
9183
6513
8246
3363
8459
9627
9128
5217
1495
6435
9715
3074
1096
9938
2625
1408
3024
5045
7161
3186
462
6225
691
6643
8991
4713
1153
8931
8726
8041
4746
8983
6183
2894
6937
8757
4552
7944
8292
5517
7625
855
7730
6634
8930
2785
6484
627
6589
226
5153
2676
3698
4652
1230
4460
4501
9609
527
9259
7438
4398
8700
6981
2648
1756
2457
4404
3041
1457
9555
2168
1706
4134
5419
7709
98
7954
283
7886
276
3289
3502
8602
8704
6281
5506
5121
2460
7808
336
6293
6076
6586
8358
6502
1620
9070
651
5162
3300
3959
9173
8933
2199
8934
9360
5592
7415
320
1272
6916
3448
4143
1237
4275
6721
2889
7533
2074
2575
4687
8210
2351
3810
2256
9498
5226
1012
9839
5190
2954
1941
6262
978
7813
7877
7884
8570
3326
9248
3756
7650
3723
3966
9450
5623
7956
3707
4861
2269
9693
975
8703
4789
2023
4780
9891
8027
6084
6369
7422
9407
6111
9413
6507
1531
6463
8319
1275
3918
1721
7837
157
9560
9348
9552
2195
8855
7732
4367
202
9044
3712
8651
460
3182
5188
7694
4662
1365
9830
903
8091
5955
1039
2909
9410
5466
6775
2632
9528
2227
70
6742
4644
34
4839
2852
5705
5124
6540
6859
3981
7459
3905
4685
1473
3682
5425
3097
6230
5480
1557
9763
1224
3280
9790
9219
2176
5857
9708
8278
1461
3356
1942
9592
8359
3394
250
8890
803
1120
7082
2536
7707
4710
4928
6629
904
8864
5770
5189
6684
1017
2404
8989
4782
5634
126
592
2320
3644
3329
627
5000
2729
2449
5004
1677
3093
5837
4638
5802
7925
2076
3653
8308
2212
1866
6290
6564
5225
4469
2968
6473
8122
3697
2503
4001
3198
5544
2901
8860
6453
3279
4258
3456
9750
5829
3198
7162
5261
4627
7206
4893
5710
821
1145
6374
1834
8502
3605
3614
61
7297
5408
662
7183
708
5100
572
8507
7104
2345
9884
1441
5180
8765
2393
2863
781
3444
9316
9807
290
9969
2798
621
1582
3779
8266
9162
8720
8067
641
8060
4327
485
7403
8786
6992
761
6268
7572
8169
6185
9913
1798
7481
7544
1179
2157
4286
3052
3963
2820
9080
2341
1947
7604
3641
4794
7244
7696
7511
7208
2500
8526
1777
752
193
5137
4286
4450
3294
0
587
6314
6281
5246
9313
1494
4112
408
5263
9327
7005
9508
2447
3457
7727
1807
1089
9285
5997
8015
4830
2096
8815
3239
7312
7344
4218
6868
6073
3217
7576
9765
8090
7155
8861
5355
9641
4466
4991
1174
3787
6856
6441
3643
2005
6347
4271
7863
5163
848
6826
6734
2941
4810
8326
3287
4808
5417
6041
4156
7787
7435
7290
6124
7261
5710
6444
7954
5396
831
3675
9327
2287
5388
5816
3955
9093
9820
9540
2989
2171
736
473
1406
7973
8445
8466
7540
842
6209
3097
6488
4689
820
5240
636
7834
6878
7164
5222
6782
8127
6298
5035
8939
5504
4239
6522
1622
4934
4892
6267
3830
3607
5066
6890
2020
3174
6909
650
1366
807
7780
2316
1278
5204
762
4072
2828
281
1594
9569
1888
7466
6073
8042
643
7603
7986
4872
9992
1892
5243
2840
9476
4214
5107
5022
3912
9595
725
4291
9508
3778
2523
9238
927
4314
3333
2283
940
3625
4796
2643
3640
402
183
6130
2492
101
9556
658
6427
8123
9869
7547
3543
5791
3459
8315
6467
1159
9137
2836
3169
4907
7684
713
3275
2864
9583
3778
4536
3327
6719
9476
7546
5319
1207
2548
8668
1484
9528
8693
6188
155
3436
3038
2656
8527
3353
9993
4142
9344
1643
819
4649
5765
5077
9823
4918
9610
7331
2794
753
8922
8649
8849
3780
6760
8071
2243
7868
6643
3567
4054
2648
7222
4514
1821
7347
292
8099
634
5991
6200
5918
3997
1015
7079
4568
4086
8789
7964
7430
4470
7679
8694
3429
2010
4294
336
919
4485
8747
8270
889
274
1818
2401
385
8593
1472
8486
4515
9368
5711
9524
5382
1895
5221
4029
2524
5444
3799
6070
3526
3807
6955
6671
9083
3192
4167
8824
1959
9916
509
9861
7886
8512
8721
8290
3330
5757
4730
1654
9697
724
3346
5473
9242
3366
235
7826
6087
4068
4881
2276
8173
9537
3140
6189
2555
5795
506
3025
3103
6973
7663
433
6160
1275
4095
9322
572
1206
9583
8621
1822
7065
6755
8642
4347
1632
1326
4293
848
7780
3804
6386
126
2745
5443
2831
4460
9029
461
8683
8960
679
1443
3364
5397
4638
3352
7068
9746
6410
7064
1348
7192
9018
3276
2897
8488
8789
8282
6559
428
8690
2741
8814
6170
6415
4141
78
4899
3778
6739
6565
6487
1970
2318
3262
784
1478
9239
7117
3369
5104
738
2667
7485
9574
7195
4814
1682
309
8417
9027
7204
1817
8286
1581
2031
5508
2053
7374
4827
2737
5216
3250
5959
49
3625
6892
2893
4335
6794
1664
9221
4002
5019
2130
4041
1754
7262
4100
3347
7104
7886
7976
3812
3397
7108
5263
2274
8744
9908
12
7444
353
3721
8501
7736
4324
6015
5330
150
3405
6501
8113
8267
7828
9714
332
4647
9996
7177
6203
3482
3232
71
5837
7181
5305
2474
4828
4405
2540
4871
6350
2523
7638
8621
5626
3419
6966
1596
6932
6130
5700
3460
2286
1057
918
1009
1911
3332
5093
8539
7853
9233
2598
3986
6276
9261
589
318
6594
8528
5938
6564
9924
8695
6441
7376
8933
1493
2294
5335
5047
9876
2582
3648
9563
6754
3439
8900
1261
4457
7329
598
9741
8682
8126
3790
4055
7270
7528
2670
3609
5313
5570
8116
3012
3002
3834
8019
9036
5908
663
8667
7720
2179
103
7531
3330
3228
5943
6789
2934
1795
4831
4479
3090
1706
8411
4282
536
7972
8406
821
6066
4025
3717
3145
8871
8468
3770
7298
6053
6067
9736
4761
5830
371
7701
682
7928
1096
4580
1955
8746
1855
1771
5975
5390
4159
6777
873
1481
9969
9996
8093
696
8404
3616
8728
7483
4097
703
8624
5736
2209
5881
8983
8029
6666
5097
1245
4414
9540
7304
2941
8880
239
7661
3915
7383
7335
2186
7666
5273
5696
1106
6104
8674
7432
3910
5301
7371
9052
7732
9620
9826
4143
130
1471
9218
7084
3019
8472
2890
7075
8726
5602
4414
9688
8714
5093
7100
2170
4310
3018
4383
5062
9827
8692
836
8284
2311
7439
1065
9172
2481
571
3783
1793
8791
9095
3244
9468
4673
9251
4233
9219
8692
8036
4942
932
2180
6450
9914
3955
7929
1714
4766
8975
4130
4641
7880
4906
4255
191
3360
6934
5001
1053
1608
5428
2879
1451
4669
3237
8546
7631
9448
925
5269
7280
3797
8472
2107
8389
1866
8346
7190
9278
1621
3916
3721
9255
4370
1743
3637
8353
1350
3015
1634
5964
8039
537
9240
2977
8488
9446
8807
5484
6436
5152
1916
2086
4252
4984
175
188
5791
1398
8708
3228
1608
3003
338
6481
5124
6642
2526
3684
8038
2686
6604
2452
813
9303
3006
7369
7970
8729
5996
650
1328
8673
5981
8036
3493
7931
3516
2729
9795
2404
6716
1275
9990
2861
9337
1566
6546
8372
8589
2838
2987
1574
5461
8077
9185
7149
8263
291
4838
9765
4292
4920
4523
9604
1523
8441
8711
1359
6481
7975
1736
5162
1796
9171
4003
6984
7734
3830
904
8232
5306
9910
9135
2099
6157
3713
5128
9089
171
8379
4923
5824
2185
8762
801
4337
562
8195
1070
9482
6500
5957
7701
7855
1143
7644
8508
4779
926
9965
422
3565
5285
439
7395
416
164
5189
9672
8265
8802
3007
2526
4208
6893
6073
9126
9528
4441
6412
9117
3725
5026
4034
3984
2035
949
9168
6907
5852
4960
3962
5455
6752
9481
2377
6250
1348
3973
7967
145
3735
7079
6067
232
1835
736
9316
5750
4800
5211
6528
8828
5319
2646
4562
8322
1205
3383
2038
9684
2677
3566
4728
9189
1854
8524
775
1253
2936
7313
8914
940
6287
3525
6923
2701
8949
6522
3969
8419
172
7188
7838
5404
9817
2459
5407
5416
1103
3053
4943
7038
2229
3572
1891
2114
1871
5609
5086
4912
7079
3868
3185
9719
3057
6097
2569
8566
6140
1725
5856
7473
6493
1425
482
9844
4769
971
3001
9695
5753
7693
3265
9277
3578
8365
594
5502
3132
8497
6528
4076
1518
619
8314
2489
2824
863
3875
1813
6398
4324
9381
8210
3483
1400
8465
7909
391
4668
6215
6049
9092
9148
856
6158
9281
1216
5115
7577
5776
7784
1507
6491
1602
2426
4501
3922
1006
3920
8551
9840
1235
795
3081
4693
5431
1946
460
2603
9287
7507
8060
3933
4639
4835
5911
2303
7301
264
8695
3009
8681
1272
1563
4134
1723
1130
4231
2926
1060
7217
6354
7760
5022
6393
6942
1520
8120
8575
5773
955
1246
1868
9812
2806
8122
2735
1669
2224
5174
1129
5510
8627
2751
2566
3515
2890
5923
9306
5685
1118
8432
6651
1986
6640
5471
3467
4539
227
6129
7345
8311
4514
6805
7445
4240
7789
5150
3411
4218
213
4451
4700
5395
5001
995
1141
4086
8897
1095
2294
3301
8266
378
7036
4386
7193
4046
5980
670
2619
5747
2709
4143
6569
7070
9888
6960
5002
6491
7618
7274
7622
7321
4048
8674
8168
2694
3879
9122
2137
4732
1982
2341
8895
7605
4987
7477
500
1750
2339
3060
6288
3483
4352
871
4358
3026
9366
6691
8215
0
1399
307
6173
3668
1380
6718
8806
5585
9855
3507
5452
7695
1669
5754
9626
6189
6342
1134
6692
7559
6432
7073
9325
9714
3332
1648
3101
9769
8201
6812
2524
9766
6129
1235
7554
5049
2041
4969
5462
9202
1201
5767
6158
2507
6720
6079
2642
9900
6828
4367
225
7013
2480
9485
694
1898
8520
7704
2426
2651
4750
3872
7889
8915
470
9664
5053
7290
4779
7261
4142
3941
7381
2391
808
487
9975
5412
1025
8488
7651
2196
1545
5330
7273
7238
4581
742
9254
7129
5962
1537
2456
3712
6904
8936
4505
8157
9453
7823
5149
7831
4548
5322
3849
1339
5459
8355
5474
1759
4693
3132
1203
2367
6444
5420
1948
6476
704
2050
7215
8528
9471
4020
132
5969
2155
7704
1782
1562
4133
5628
8630
4490
8660
2055
939
7898
256
8332
2824
2329
129
9774
2365
767
9760
2923
2874
9382
7183
1465
1933
9929
4571
7473
8518
7557
4187
7846
1915
7984
6193
3211
1411
9446
3206
2052
736
8330
9174
4343
6304
8049
8482
9191
6872
723
9746
6956
2197
2184
5295
1466
9868
578
4909
3430
1585
9244
9108
4182
9691
796
5983
7439
2017
7639
33
5456
9480
3785
5300
113
4172
8827
7642
2737
9432
5525
5065
6204
6209
7204
9748
9963
2600
9939
1291
8608
343
2019
8708
8048
7880
9455
8730
5809
1671
9067
8916
8059
55
7008
6910
8404
4083
6991
7285
9953
9526
4191
1166
7450
4096
8165
8804
4629
8177
3263
9556
9552
1629
5080
9944
818
3077
1093
3461
5006
2840
2577
6351
9179
4844
7349
2435
2710
2009
8337
4650
2928
4529
8138
1037
8794
7774
6516
2479
8260
8132
3728
5283
4242
6936
3252
6301
4439
9369
542
4756
1988
3682
627
9189
8485
6069
4928
8078
7908
8907
2665
2130
5890
4018
9382
8652
6032
4495
6135
6608
8741
8473
5701
4537
7219
6979
5262
7019
5252
116
9942
4264
7499
2198
522
8127
8482
2074
3546
6053
6539
962
4797
2797
2181
6412
400
1612
3350
160
5146
4763
276
3059
2982
999
7607
8245
1856
1339
8522
7981
6340
1609
75
9572
7211
1446
6395
6467
82
8832
3169
5720
524
9227
6568
8816
2675
9493
6867
4703
2492
4254
3879
8331
4692
5605
8967
4067
7034
6605
8468
8918
4868
8679
9388
2637
271
5296
6691
3351
8325
3261
8962
1351
2735
8339
30
4044
3208
3686
1208
8487
1182
9907
9885
1766
746
8552
5598
2878
7934
7840
5482
1439
7907
2335
75
4381
4009
9775
2762
2781
258
1514
2080
8075
3072
4639
5362
2472
1341
4496
2682
5384
4227
7356
9622
6797
9411
7904
1480
7311
2884
3089
111
7591
5556
7696
213
4185
4612
8112
1261
3090
9118
5634
8639
2259
8008
1151
90
4259
8651
1815
5112
4404
3548
230
5507
5469
7297
4017
260
2719
6812
4993
7562
6462
4961
9093
439
1130
1444
8435
4540
2985
3059
7228
4989
1398
6076
2976
9083
8352
271
6912
6519
135
929
5795
9531
4927
4387
1835
5743
3843
6659
3415
7100
8294
9296
9321
7995
8263
747
2710
4156
381
4355
6727
2146
5388
7612
9021
9878
1905
8536
9955
930
2997
7928
3745
2522
1128
2193
4308
4426
7606
3286
356
3638
1635
9039
8779
9694
9908
1201
4314
3814
1101
6666
4880
1333
463
6141
527
9268
9747
290
1605
425
5889
5804
729
7542
2116
9609
6246
1068
9529
8224
1158
3280
5075
4811
2696
7606
6920
6505
4999
8056
6216
8507
2971
5916
5069
7607
2299
2841
5601
6600
4858
4874
2384
2614
8159
913
619
2410
1278
2462
1948
3217
3835
2848
908
9396
2614
3264
556
2512
2743
3057
6637
7139
1318
80
2697
6332
2395
8734
434
897
1801
9246
4171
8
9487
5651
6602
517
1602
8635
295
810
8325
2769
2332
1884
6359
4625
2541
4576
2480
4429
4991
320
5007
2759
7321
5950
1118
7275
8551
9306
2586
5950
4705
5582
4893
4523
171
8025
8696
9417
3766
4243
3148
4020
5023
9369
8289
7328
9938
7659
3012
9400
6625
4354
2289
1284
4430
6101
6707
3017
8300
6926
1841
6216
2054
6095
6712
9901
6401
2531
1367
6265
5931
6653
9001
3362
782
9673
3817
134
1473
7004
4688
6113
3810
7555
8110
3567
1719
6825
1546
7596
5591
6329
4419
7135
7370
385
5938
2549
6172
9594
58
1258
6408
5307
284
3699
1425
3855
5289
965
302
3150
5626
3255
1501
1051
8166
9099
1304
7708
3221
3798
1224
3348
9780
9798
9626
6902
8647
8937
448
5562
1264
6934
1520
5859
8935
9557
9583
7445
7587
8465
8774
5535
1082
2404
5064
6194
5819
9741
9032
21
9461
1288
5439
7765
5877
3611
6555
2003
8607
7201
2522
4353
1127
3265
1133
9681
5629
4127
5522
7881
6417
7229
855
5941
1310
1222
172
2453
2981
4110
4731
8212
3848
2080
4825
9513
2263
6371
7170
3955
7829
2775
140
6961
4475
7496
1183
3208
3289
2765
2360
3110
4904
5830
5657
4790
5914
458
3909
2575
5781
602
6309
9324
9762
3626
2106
545
2347
2112
1543
5130
731
7452
5060
6093
4158
6644
5227
477
8667
9464
3438
5382
5306
6685
5337
9539
9627
8335
9896
9924
8030
7489
8976
7705
6443
8983
5665
1026
1770
2983
5886
4325
2326
9073
127
8240
9969
9772
1623
5877
3043
4671
6649
5878
9737
223
4943
2656
9243
5853
2769
4590
2342
2955
1693
4718
1684
6158
6111
426
8403
3111
3389
7121
4203
9714
191
3145
1668
9557
9217
5009
2072
1838
172
9785
7863
5983
6411
641
4145
7680
9344
1801
9357
9312
4731
6832
8951
2636
3783
5825
6277
1121
6733
3850
9995
360
2376
3339
7768
4055
1905
3363
8500
2887
8881
2442
1844
7714
8251
5372
5354
814
185
9085
2611
5753
2294
5633
4987
8535
8075
3237
488
2079
6194
1578
2680
1035
9291
4536
6925
1067
9831
5294
5535
1143
5823
3233
6066
4347
8949
9141
7296
7675
8418
2588
7574
6812
7875
2489
8985
6156
3954
6581
8170
6210
7935
9536
1023
4168
2425
2109
9138
6083
337
9307
1226
1540
2443
2718
2703
797
4882
5243
8210
8184
1945
3986
2690
6199
8736
69
7832
9453
8498
8703
6065
4556
504
3671
4524
44
5452
4238
9992
9451
7405
4718
7448
54
9435
2744
5221
6760
332
4348
8253
2368
9097
50
4191
4641
1358
9254
9682
8619
7224
8203
9045
8416
8113
5788
8394
4621
4729
1923
7602
4565
8120
9065
5128
6126
8721
6483
8274
6611
6779
5820
1837
4943
5467
2309
4006
3113
881
8705
6708
4918
666
4162
9303
4080
7254
8709
8435
3927
7062
2968
7964
7907
5467
5813
7164
4007
7586
9485
1251
330
2287
2261
2124
6571
2555
2872
1645
5258
7002
6826
6615
9523
8142
4166
3977
5354
8707
7715
6934
6831
2035
780
976
5560
4700
3357
5199
2805
7432
296
7121
4710
9365
780
140
2533
1253
3858
593
6785
7244
6125
8157
3698
5483
7168
4705
6698
7919
6145
484
6984
6802
9728
1568
3975
6828
7181
6949
8359
7884
9366
4677
5514
9992
9669
2082
3765
8181
2846
2640
8
6384
4722
7041
3927
2506
425
2554
2975
2518
4596
2956
9558
1715
1675
9451
8923
2218
5602
2017
8886
9432
7878
1875
8404
3694
3595
4428
3850
8940
9100
2028
1417
768
3745
9334
3873
9065
3374
1136
5736
83
5754
660
8281
3223
3533
7484
6640
1001
9111
822
6888
6142
5152
7350
7954
6011
1309
2816
4589
4603
2163
3522
1915
2834
7346
5680
3105
3252
3633
3403
8279
4517
5929
8005
3957
44
930
8560
1996
2273
3459
34
5111
645
7719
4053
3068
1876
7542
6673
5833
6004
1446
7917
7312
592
3235
7108
9432
4803
5867
4956
8330
6834
7574
2702
1974
4903
1507
9972
460
6255
8830
6268
7295
6152
5588
50
1952
3687
454
5776
2676
3047
6006
8799
1727
3408
8217
703
7151
7123
6273
5682
5732
2357
7977
1958
8994
4587
7983
9451
6721
8804
8387
3172
9159
9342
5451
9406
1059
4590
9311
8244
7439
7481
1345
9988
3487
4780
3222
2108
6810
6579
5251
4148
7546
4036
1587
5845
1920
6371
4678
4008
974
4231
7322
6608
1398
1055
1260
1889
4543
6969
1925
8531
8963
2897
8071
8391
6304
8638
2171
6716
9078
9615
9152
9978
4638
2616
5713
3801
2899
597
9013
2034
5387
6026
4678
8712
8872
8440
734
9245
3710
8792
7462
4478
470
6981
4806
551
8465
1773
1263
4358
6678
8779
3388
5954
5322
2961
97
1365
9657
9033
8343
8978
1412
4284
2649
2349
3414
9561
9722
3489
7100
7701
2789
7220
526
3489
5792
6679
8261
1125
1049
5483
9408
9098
4354
5216
7428
5238
3166
9617
4967
719
3137
2621
5347
5673
988
8753
315
8725
3363
6067
3958
5971
1120
4146
6333
5128
6542
5191
4540
8969
9754
7419
5984
5257
7343
8216
2931
3471
8950
1369
2876
9609
7080
7654
2208
139
5943
7632
3990
3580
9894
1980
1571
4502
5553
6363
7550
8338
4165
6104
6372
4978
436
5211
9209
1852
3209
3379
9866
8413
6651
25
3173
7497
6626
3264
6417
5395
5753
2045
6173
53
7336
6985
7452
2705
6754
2565
5726
736
3883
4885
6726
8762
2698
8450
3034
2362
9735
9722
6369
7438
7929
3227
7277
29
7341
2865
4805
8044
8187
7936
1840
3654
7648
8997
7338
803
5993
5738
1003
7420
6270
1387
2404
5064
5272
3533
417
2982
4406
8030
1527
2145
9278
8878
3605
7023
5190
762
3656
3874
4807
7432
5436
239
4971
1898
7095
2782
4214
2298
1646
6028
1601
7402
7527
438
9360
7460
7051
7336
6918
622
2823
4533
1126
5307
3895
7825
451
9270
6598
3598
9547
8609
2367
2949
2379
720
7864
5159
6744
489
9473
7169
8082
5268
3933
5031
627
1410
1704
4929
6688
2789
1165
3508
5677
9529
6285
9588
1060
4948
9899
751
1449
2222
2984
5871
6057
4860
8864
7931
7315
947
3415
7112
3585
2722
3393
2563
8777
3982
4062
6077
5385
9808
4565
8221
4696
3724
4954
914
16
4744
6347
1956
3414
3271
9266
13
8838
7600
2017
842
8352
2986
71
9149
9776
506
196
584
737
5868
4379
9891
9151
3635
2667
3588
2727
630
8341
2274
2556
7752
6268
2241
2585
8055
3250
7804
7075
3323
9325
2650
6006
7379
5156
8881
7821
2451
5368
9806
2099
2105
1591
1549
4225
5909
5128
6819
5052
6702
7468
9353
1568
1588
5021
1421
9211
7409
6165
2272
749
3833
5975
6594
3919
7510
9987
7999
2750
6977
389
7368
7848
9015
5593
7654
7977
93
5770
7521
3835
7712
6915
6155
5662
3364
9365
7847
3967
7146
430
7671
561
7267
2627
3618
8776
6563
8252
8854
5751
1195
2448
9613
1680
4714
3966
6526
1795
5941
3792
2079
9733
1491
7560
128
3770
8463
1508
215
2310
6541
2648
8160
6374
8218
8826
865
8000
1624
3641
9064
2782
6121
8868
4257
2054
5677
6454
7764
6208
7604
9289
7632
8339
9678
7965
8887
9664
3879
2841
4113
532
7535
6589
777
931
6048
6313
6987
2567
9073
5164
992
8248
7032
9300
3748
3275
8593
6156
7460
1998
6035
9821
9492
8641
9073
2386
6472
3346
1682
1333
1038
6677
9495
7752
3644
9739
3581
7330
1418
7345
5742
5073
5721
5651
9123
7358
740
1941
4142
277
4255
46
4219
5105
4066
9032
7060
6938
2010
5251
1232
4359
1989
5048
4710
8820
7154
5690
6684
8931
6431
9277
2117
9324
2050
1468
1124
8128
1398
3783
4361
9016
6201
2345
1858
7885
3767
4157
550
8016
7750
6386
5916
3025
8095
2170
5261
5227
4766
8184
4563
4162
7315
1565
5944
2850
3816
9742
7790
5734
2077
5225
9691
1029
2936
6223
9681
1469
6314
555
4361
7391
5433
774
7093
5680
1788
4736
1198
5617
9453
6605
2400
9291
726
5454
8159
6078
608
6888
7142
8298
6923
8971
7119
5163
2031
5834
9949
2793
6555
5434
7348
8618
3800
859
2776
5371
3465
6992
6080
6050
9366
4989
2919
8771
876
7629
9782
2678
3532
6191
2344
6384
3156
168
1726
6734
333
8927
5026
8645
7802
7306
3154
9410
9233
5870
9111
8437
6638
3588
7741
5368
4017
8988
6436
1181
6407
5976
1607
2753
7079
6316
7405
4141
8668
677
5542
3068
5905
2073
6621
8583
8861
6981
1457
7148
911
2059
5344
2097
5986
495
131
9483
6961
670
4563
3475
848
6613
3418
6130
9772
2383
5175
8556
1684
4333
4956
5443
8184
8230
405
1367
1421
9036
1694
8934
480
9080
5578
4991
3599
7677
2445
8724
9031
1527
9196
2222
423
6643
2437
6792
6363
8231
2633
9836
7342
8473
7233
8590
6935
2191
368
3376
4556
9101
7636
8677
2421
9657
4567
7692
6891
1831
3798
8783
4682
3704
3968
8701
7050
1057
618
4861
2547
3949
6213
6129
571
5531
5218
3820
3136
9016
4219
7756
284
6732
3375
1163
5420
3698
7757
9744
9422
5939
5550
1208
719
7689
7223
8267
2924
5188
2478
7645
6032
897
5932
9817
5847
259
2482
7673
7686
339
2009
1282
7843
3539
935
735
2552
5550
4676
2225
2891
6556
8992
4628
7287
2713
2764
9524
5233
2132
9286
7658
3531
8528
6978
1208
9490
2693
5777
1109
37
9527
3851
54
2888
8556
8353
8054
9263
1203
5049
8544
8644
4395
8865
4187
7545
3984
5979
8781
1018
554
8088
1421
1155
2629
1346
271
3826
5809
5563
7895
3759
1678
9347
4264
6317
9769
1800
250
5944
5471
1843
5394
8254
8557
8962
3529
8737
9886
470
7985
2462
1994
9894
3517
8661
875
7874
4161
913
4368
8441
6293
246
9018
5591
3650
4924
8704
4878
9538
1056
4947
7415
5896
4999
2129
5981
5826
157
6868
4486
9598
3338
5162
9191
9230
1298
6720
6692
8462
6602
2547
2260
7445
4493
6550
9027
4510
1653
3132
1940
4427
9896
9375
2252
3879
229
2209
8342
201
5043
7324
6123
8332
1264
6182
7902
405
698
3673
8575
8989
9187
3327
4987
2840
6994
1557
8190
9712
5947
1415
9212
1999
5537
5095
1539
3453
1043
52
3507
5475
2139
4137
1208
9483
8932
9449
3663
3130
1011
6241
6267
4487
9989
9297
5558
1702
1949
9014
7841
9379
8167
587
4801
8739
4464
3207
1813
9462
6923
5619
1240
8871
2388
9546
3092
6679
3962
4574
8542
9055
410
8992
2869
3909
6225
739
3129
2191
3835
5309
3429
6229
2120
384
1133
8992
7440
9487
9764
74
8682
6491
6415
5767
9405
9522
5920
569
3908
7840
5670
3416
5515
1988
4671
3172
7313
4544
9273
8341
1231
1630
7919
6425
7998
9775
1943
1188
616
5333
1806
350
5626
4635
3264
5771
1747
8452
9170
7300
3398
9598
7691
6783
3407
9179
5351
5003
841
8148
2716
3532
1555
6623
9949
8859
5365
6446
8803
8678
9731
6254
7887
6116
8391
3064
9706
6666
8165
875
5411
3588
2255
1616
7555
521
3973
4664
7201
2789
6706
2635
3305
831
8841
3194
7216
2420
350
4528
945
821
6141
9768
9672
9738
9971
9400
9136
5440
2627
3683
3455
8305
1616
6896
3156
7627
1077
2113
4439
2584
5926
9394
1972
733
242
5362
4038
2044
8635
39
9386
7432
8716
462
8683
7132
2151
4522
167
6242
303
8664
4577
7963
97
1790
6506
5602
2692
1235
9973
6839
9610
8039
8174
5459
6811
1171
6037
436
704
6321
4150
3042
7836
4420
3073
4800
8623
996
7178
8819
1139
9774
2051
8350
7301
6402
8998
303
3790
7678
6093
6649
5832
9674
6885
3502
2272
6098
1376
8225
3960
9326
6753
3555
104
1304
4959
6504
6043
5143
9599
9090
3442
6863
1768
6363
5995
9460
3161
9131
602
4219
7938
5332
151
6694
9324
9244
3423
8427
6561
6526
3447
948
8012
2282
7880
255
296
874
9594
5761
6357
7950
4728
4978
9474
993
7539
5792
9432
8683
8382
281
7189
8167
7614
4063
7307
6941
2942
4214
9425
693
6388
6208
1409
4497
9390
2137
6050
3439
5455
6456
9234
4441
2103
845
4594
3882
5973
2519
8221
2262
8749
2483
3428
4013
9281
866
423
7523
2301
5621
1680
2163
8633
9786
6455
4422
3788
5751
3314
5572
8114
7184
6341
2882
5662
2385
6988
6706
6759
2633
1483
3558
9180
9355
993
2350
1954
5442
2175
6029
1694
4158
5175
3082
3754
4083
5558
1706
6876
8772
8999
8871
3556
2588
9815
1272
6760
5747
6768
2204
773
8090
7257
8425
5033
9348
4163
8174
7397
3731
9688
646
5416
1606
9847
2220
1134
7035
7933
2905
5747
5064
3566
6694
3016
5857
1223
1720
7234
1352
1197
9775
197
2769
6821
3497
8982
4430
676
291
8537
5406
3612
1555
7597
3730
6495
9778
5369
3611
5166
64
5725
1958
689
5985
1270
7903
7030
3864
5755
5671
6753
800
3429
8096
5998
203
2893
8160
9904
1245
7911
4757
5853
8804
7789
4552
3661
793
973
1974
714
1669
6550
4684
9221
4638
6841
2712
1981
3176
6140
5011
9664
9844
4532
547
85
4722
9567
395
1899
2684
2826
7616
864
1856
5528
9520
8572
2030
2665
9123
873
8071
9554
2990
7810
8921
4071
1032
9010
2333
4248
6427
8425
1233
3151
8998
9573
1342
1225
7662
5672
547
1026
8719
8599
3218
7841
7040
8193
5005
3506
1118
2195
5085
8134
9619
718
8550
1239
9105
7095
6894
8154
4035
3486
4110
8204
1741
448
818
7464
5394
5291
958
4657
3872
2187
1082
3649
219
5173
1001
9856
9101
8509
8102
1174
6114
8770
2992
1317
7460
5266
8807
266
6019
2815
224
167
382
9981
8724
4196
5728
8906
229
8911
5101
7664
3911
3286
9077
3927
6739
4095
8203
5688
4046
2114
9802
2042
9255
3734
4281
2811
8100
1572
710
3588
6273
2328
7502
3520
3951
9725
6276
3976
5917
465
8411
6372
1547
6885
6631
2663
6226
3454
9684
8234
8497
9176
9535
8898
471
6090
3845
1662
8658
4082
5930
6926
3167
1941
1169
5580
4210
8404
8955
4213
297
1683
7837
5327
8893
1054
2663
1182
713
7777
5651
6784
2298
2413
8994
1252
3704
8849
7115
9412
9103
8890
6760
4887
438
9581
3698
8762
8392
5505
2588
7593
2038
5037
1260
3801
6335
9795
7582
5622
4951
3232
7998
808
8498
5208
8824
9238
9978
9423
9864
6671
9115
3693
2998
5358
1473
8228
1807
2220
8051
1206
9255
6071
4030
8595
8377
290
8848
5769
6552
4124
667
6039
6152
5309
7291
7480
8504
2799
2983
798
7605
1128
6135
5384
489
3821
8471
7621
5825
2859
5441
4541
1379
6509
8879
3229
2700
7942
2198
2085
686
5075
1582
5085
9603
4825
5905
6826
3895
2391
7948
8319
8181
367
9343
1545
7100
1354
155
6568
3218
8888
3669
6976
9949
3874
1046
7950
6959
4209
53
7155
8334
3760
7521
5260
8577
8158
8851
572
5989
2709
2221
1184
8491
2439
2980
5870
4796
3244
4221
5851
3013
6066
4031
8809
8375
1789
4823
3919
8629
9314
7168
1603
796
7076
613
2429
7389
9948
5381
5034
6009
2263
5861
7813
6355
9264
8605
8672
993
1594
6754
9207
1768
5534
546
7433
7789
3653
3030
5331
4161
9500
5063
1148
3606
9466
7271
6244
2303
9785
1772
9426
7623
3040
7119
2803
6221
5990
5960
886
1978
3369
657
7878
456
6557
4861
4550
1981
3394
3095
5324
6623
5186
2751
1065
8349
2133
5463
6144
6532
5033
2634
7578
8575
1722
8167
1208
9721
6834
9916
1338
9301
4316
7206
6439
9882
3266
3694
8838
2531
9279
1766
1151
1456
3579
2706
2597
7176
5710
5802
1241
4561
2177
4252
985
8210
1588
209
2739
6532
7624
5214
343
6295
3820
7116
1125
3395
2341
3044
2454
8442
6761
8526
5099
2244
7321
3520
1123
5400
6010
5140
1516
7293
6191
3564
5490
6146
4817
7504
9672
9291
6893
6659
1610
191
807
5059
6925
7018
4245
9365
3117
8853
6035
8824
4787
6436
4680
5951
2674
114
899
2321
4579
2805
3102
8547
684
5948
8930
4467
5033
9476
7169
734
5008
1133
7974
7684
2710
6615
4207
4645
7413
5242
1463
8551
9294
6336
1033
7125
4178
8114
2342
3234
3427
3779
9513
6301
2070
7988
8300
7904
1633
2101
4720
1756
1026
7046
6549
1596
1214
3040
8782
9872
1793
8843
5420
3167
7298
3880
3077
1310
5482
5789
8637
7859
1044
5243
5122
8785
6452
9687
940
1986
816
5304
8758
5888
1220
6614
4833
9853
5081
239
1532
1377
8067
9168
113
1096
4257
2303
2606
6233
3053
656
3397
9419
5280
7747
7200
8162
3282
3149
8176
6249
2896
4114
4523
797
2479
6655
1969
475
5775
2112
1010
5439
0
2893
298
2617
1113
2060
570
6666
5185
3701
6894
6895
4083
3624
6976
4964
7559
8743
2329
6208
8193
1181
8065
8805
8296
8054
2876
2560
3412
6757
275
3169
7106
6143
3397
3278
9922
3002
1445
2810
1857
1280
8632
3550
1919
7558
5306
5139
1190
4294
9645
5491
9222
9511
4719
9086
2894
1664
8097
7720
631
6376
8932
7773
8955
6195
7894
7978
6458
1327
5783
4635
6914
1986
7830
2486
5198
127
5706
5250
6490
9474
8385
5919
7932
7708
8925
2246
9150
8197
5070
9968
9293
7144
9401
4531
5610
3686
8529
7506
3808
2917
1797
3692
8621
4039
3868
2512
2719
4894
2777
3809
815
4744
7835
307
7719
6178
388
3920
1215
6128
2437
2943
3694
9003
4507
1416
7868
6690
2050
1567
5327
9948
4367
4364
4614
6014
1852
5903
2519
9144
8999
6015
1485
3833
4783
1330
4763
7332
7631
9055
9186
8578
9726
5329
8816
4970
9252
3778
9678
6432
9484
6587
1993
8572
2295
4327
2600
8791
7231
5371
2585
3311
1363
2106
1997
5450
9276
9261
2437
5162
9993
1834
7692
77
2476
4198
1945
2098
7786
7886
2695
3859
6136
8368
3864
3324
1380
1149
7518
923
1722
1567
3300
619
3186
2302
2147
5523
8527
9469
2178
5741
5510
9345
9145
7871
1823
4674
1854
890
9176
2083
7693
3304
8450
6381
3998
794
1911
7187
9501
4414
9009
5218
157
7633
5227
4976
8406
5019
258
8779
4309
3091
5114
3997
9448
9427
1078
237
7297
131
5988
5796
6582
1262
6244
6053
4874
5731
5055
4291
4316
6727
6282
8774
2647
9331
6351
5412
4634
235
8791
2825
6768
4105
6992
7473
9216
8078
2451
5181
6489
2436
3516
3091
4145
4452
6917
911
5536
1736
5043
7156
8298
2069
2667
74
6681
9655
5898
225
2509
3525
1829
3052
8251
7874
2545
9469
9353
4436
3102
1179
6671
7130
6616
9694
8966
6858
9230
2234
6751
4786
7598
1454
9819
2966
3701
1964
7339
5000
1658
2255
3832
2459
5307
8499
3099
610
9646
8810
6671
9929
6558
1414
5404
2464
1649
7807
5877
5378
7743
9007
5381
432
2513
669
4211
7096
4412
7716
7467
7326
8742
4216
3296
9161
1097
6738
4111
6879
7102
1150
4257
5215
1384
5948
5362
615
739
3944
3007
6890
2774
4309
3986
9256
7029
1343
1497
1599
8193
2989
3165
2069
3350
1343
8382
1789
6854
2363
2899
35
6055
4225
6472
1985
6767
4415
4360
9647
1811
1421
2542
6476
7231
5703
4046
4946
2332
3998
8646
9591
1126
2745
7504
3586
9090
899
5424
8079
90
6773
5099
8450
3733
201
6600
9617
9852
4735
6135
4164
3276
3055
1362
7712
6628
6895
415
1217
4072
9347
5738
3873
729
4452
3607
7166
6778
7119
5420
91
4027
9376
5139
3293
6233
5920
4224
7794
4609
7810
9479
2449
9566
9492
6213
1191
4410
9754
67
8881
6415
8303
1164
2821
7860
886
8782
7721
6295
4631
5136
7452
3347
8738
2734
7355
2841
6853
2790
9192
2637
8850
300
9259
1590
9908
3136
4164
7934
8127
3622
8966
1093
5123
8636
5622
5192
4897
3297
8134
5338
4566
5874
7785
4730
6388
8997
5049
5707
5379
2727
9221
955
8236
3783
5600
4889
6310
908
9391
2276
7606
2792
1748
8658
1131
7313
437
1285
3906
7223
344
8679
6046
2404
1496
7003
2526
7966
6008
8387
316
6087
8352
4746
5092
833
9171
6855
1226
460
7930
8965
8861
8895
7269
7384
1702
8826
4631
1597
7573
8515
8660
9563
6986
3165
1119
5877
5867
8238
3375
7353
7343
4564
3968
6129
827
3689
9582
4496
390
9647
5866
2035
2100
4643
1172
1511
4545
9342
8908
2957
3066
8466
6036
1784
8946
7064
1934
8588
2698
5984
5719
9098
6776
3957
3616
3751
557
6173
1433
3352
641
8712
4966
8299
2054
458
6934
8530
7282
4253
4640
6578
2174
8421
8152
7004
5645
4527
7914
1554
1568
1767
3335
4221
2689
9795
5831
5551
9908
7256
4150
1490
4651
6866
202
1571
6434
6997
6087
726
9716
1417
6866
7632
7517
8562
9378
2310
4708
3492
1941
5358
6691
2825
7979
3098
169
6173
2122
9900
8255
3735
286
9346
8182
8203
4392
3296
5388
5545
5306
6338
6940
9210
2312
5105
6886
4309
1582
364
1971
739
1135
7382
2637
2946
3594
4563
7045
2851
6532
1201
6891
6777
4684
7708
3048
8195
4300
91
9055
4178
8060
3788
321
4721
2158
6267
123
3306
8177
6101
1320
8441
815
4141
3670
9098
8290
8315
263
5026
7077
4386
2339
1781
7369
8995
9888
3304
1559
6218
4535
9062
1556
3568
2834
2751
6389
8539
9915
93
881
9673
7731
2220
3457
6029
1737
5317
8677
6884
3610
1179
9935
9780
5980
2220
8512
1881
3480
7739
6124
4833
2353
3272
6598
5615
8654
5952
7280
3580
1392
6352
7404
6232
8548
2094
4408
9687
4524
2277
3132
5562
6581
8938
1366
5663
8692
2413
1828
3117
780
2215
5559
5604
3199
4130
7616
4
530
2734
6529
4070
6048
4702
4352
8391
6092
561
6963
5343
7310
1069
1918
5733
6514
2901
2846
6160
6044
3873
6728
1870
4558
8349
2791
5062
5516
9782
3603
1348
1743
4623
9261
621
4650
4319
1085
4015
7115
1909
1476
4823
4651
9514
7411
2579
3843
7123
8735
4450
7507
6597
6759
4889
8322
9411
2133
6563
8500
6246
1413
5070
2028
2327
3748
8176
916
5778
7462
4547
6156
9615
4945
3633
4647
1029
8649
8913
9086
9144
6076
2300
5889
3975
7679
3418
8593
3139
8173
5022
7749
7054
598
1580
8560
1929
8505
3476
2111
7958
709
4481
4325
5463
9109
3429
9876
3198
4856
1246
1383
5804
7277
9597
3378
1948
6413
4835
6768
4584
974
1458
9712
7495
5059
120
8975
8523
8981
9454
8987
6597
5323
1028
7
9768
6080
6115
7619
1136
8713
3751
3442
9858
321
7532
9063
3073
9440
690
4897
3031
4667
2373
2904
382
3645
2021
3808
5634
1563
1703
7826
3159
8201
5117
4291
3390
6857
3275
6853
8856
9590
4855
6051
1814
3467
1807
7318
3255
6417
6813
4106
830
6129
4318
4372
6719
9848
7610
223
3931
6667
87
8741
7176
3695
6533
2998
6766
3457
5070
1659
2479
345
2047
38
6470
5593
4271
9692
5042
2589
2123
3168
563
6401
4881
9436
301
5670
6684
6236
3218
3012
8339
9788
3215
7780
5768
2227
9177
7573
107
4329
4017
1815
7597
9202
935
4301
6589
2157
8591
8930
4880
7541
2221
4795
9310
5018
6390
7563
1663
5694
2575
6618
1638
1973
1798
4966
2684
5684
8498
8503
4506
2478
1395
7588
3162
9365
564
817
6269
9697
9809
2330
1508
5135
408
8422
5646
8308
6486
9662
140
1675
6515
6723
9933
3341
6677
6149
9975
5276
5994
6324
7769
890
2
7476
