6339
1413
9260
3330
2218
9935
6365
8503
5857
432
7348
9327
7909
5620
5203
6954
8961
8193
2580
4805
5095
76
9239
8857
9890
9408
1670
5365
3747
2381
6914
2592
3083
3517
7204
609
6703
1838
5361
9875
3183
6295
6601
2932
7966
2344
2178
7855
4212
9574
5759
7394
3997
6530
8318
2100
600
685
5272
2298
5256
2513
2705
4566
4939
2328
9742
8075
7304
8359
5324
2876
8637
7413
6598
7082
5507
3389
4447
4840
7106
3027
2869
5192
480
7119
9886
7163
4339
9122
2787
529
9884
1282
527
9454
4823
8150
6168
6582
2038
7200
197
4494
2808
3982
4962
9254
3921
3292
5002
727
8563
8053
4361
6569
6936
7690
973
2362
9464
9848
3331
1011
7197
1586
4
2433
2689
2569
3588
3179
4259
90
769
417
2581
6988
4254
1908
7420
5003
2022
9052
1622
6977
7108
6154
1627
1702
4394
4734
1669
8736
7902
8267
9167
2811
8460
7334
9011
5760
7012
1507
6574
211
2212
8552
5706
6486
5718
7037
39
7131
8254
9407
6528
2848
9243
1473
2833
1662
3466
4126
212
3341
3719
1178
2286
5122
3074
7522
8287
6262
1056
1336
1340
9267
8755
6158
3851
9571
9515
3
9642
8456
3726
8341
939
1461
170
3738
4286
3863
9284
2896
6275
985
3687
2468
2526
7693
6866
9491
8303
6845
4633
6600
5912
6511
3492
1144
8824
6884
202
1738
5606
9483
1227
5511
6885
2339
1167
9631
8724
2072
1406
8768
7157
1290
9622
1085
2008
2371
796
4811
5290
3072
3350
4816
6472
9627
5446
3117
716
6324
3246
7720
7187
8085
9870
4963
6591
8386
3145
6456
5835
264
4963
4508
2024
2957
4995
4714
4491
6002
9973
5272
5151
1161
9464
1239
9232
4390
7084
5992
3418
1973
1890
5309
3415
6756
6080
6621
4514
1485
4031
1810
5749
9500
8395
358
8506
8805
120
2280
4481
2940
1816
1483
5481
6211
624
932
5407
4745
1598
405
6436
9728
5974
6116
5910
7930
7554
4872
7934
5912
3221
6249
5431
3499
3973
2193
1277
4613
9465
9348
12
9253
1725
1803
7534
6826
3638
5483
3073
3447
8110
553
1679
9284
7401
8712
8508
6907
4115
3067
1355
430
9207
9166
9923
4330
4510
9197
4868
7450
932
941
6897
3207
5834
4456
863
7036
8279
6926
9507
506
7115
1001
189
5251
5036
390
1104
8033
2661
1417
2319
2670
54
1895
8075
9735
3244
5274
6121
9359
718
7214
9429
3530
1906
2683
2997
1525
2219
7732
2486
12
1297
8970
7392
9602
73
9186
5890
3897
4730
4085
3501
8327
8147
656
4869
8726
494
2990
2145
9173
6273
6586
1758
8045
8619
8444
1452
8867
3608
6324
9081
1184
930
5390
1709
6173
1545
9571
1477
3696
1970
8974
9741
4773
3031
3663
9047
4078
5872
3990
6445
4116
8206
8473
1063
5601
4850
6237
8380
2880
5562
5466
1588
4652
5945
939
1470
7244
4874
2554
9751
1788
1630
2285
2698
8908
4496
7954
2267
7721
2834
1529
4337
14
7601
205
9305
4263
3192
126
4708
4770
7071
1478
684
2115
5024
851
981
4822
7009
5814
5599
5673
7387
8378
9920
511
9413
2168
8479
2005
4864
7425
3665
2267
2786
9019
5324
6909
8270
6997
6653
9535
3880
315
7966
2631
7583
9758
3903
8211
8399
8404
6794
6037
8412
3678
5809
3737
4999
9148
8685
8913
8469
7187
5759
921
2971
1273
9903
7240
6293
4197
987
2912
7624
6352
7498
9324
4064
4812
4404
3800
9238
618
8214
6856
2959
6268
1790
3877
2032
9264
6553
5830
4415
6714
2050
6420
415
1501
5943
2877
7009
3637
6594
4164
7752
2009
7300
283
406
8230
5919
398
5497
5215
9077
9149
2809
4315
4705
3564
3130
8402
3296
662
4852
152
7614
892
3600
113
190
4310
8554
8052
4847
5000
6510
3591
961
9432
4539
6959
5340
6850
4225
8081
532
15
7828
1067
4949
8693
6224
4175
6847
4512
8841
9476
9911
4537
9368
4712
3486
4725
1304
477
7823
9268
6296
7074
7735
2417
114
3136
6215
9464
420
1900
7971
1421
3714
2199
7756
3601
8784
7768
3754
4562
6424
1433
2155
6835
3266
8929
1904
1733
7391
1193
1050
5582
6079
5526
4220
4978
6627
5743
3966
6806
6992
6316
3102
126
4240
926
1296
8347
9721
9701
7203
3092
1782
2994
6760
1347
2467
530
3353
3463
2051
8185
5921
6963
64
8660
5075
1910
3715
1364
6006
6871
6480
6588
9551
9044
9558
4006
3329
521
8940
9753
6782
7267
3655
722
3252
2269
6568
9738
5117
4040
6180
7140
5641
5994
4030
634
5909
1970
1612
1958
4448
2218
9628
5116
5722
9421
9549
8801
3020
3327
7352
9189
8116
3373
9889
370
8707
9541
5177
2336
2638
6208
8430
4502
3828
9979
8008
6687
8675
8530
4927
2817
9065
5347
6873
6322
3174
2397
1324
7439
9090
8458
802
6213
4537
1602
5116
7676
7907
7797
143
4582
6084
1408
2322
1351
9116
5536
9355
5419
5528
3194
6046
6516
2432
6091
2122
94
4167
3226
308
821
6832
2064
8134
8075
2150
6250
8827
7177
9790
9105
7893
9470
4198
6367
4179
8439
1793
7845
8562
8612
7744
4826
6450
393
5613
4521
3632
2138
8003
2990
6853
9836
3907
9773
7815
7055
1890
9702
8241
4662
766
2985
9373
6516
9788
4478
3352
6782
7454
7081
9142
916
2532
769
1620
2503
1676
162
3020
4622
1441
8865
7357
6157
512
4427
8915
3289
2914
7105
5430
1562
4063
9665
3142
6161
2031
2504
589
5441
7001
1628
6915
2262
3234
3111
6402
57
204
1701
2261
8256
9862
2850
8724
1647
1923
568
4637
721
1606
3102
6650
1540
7701
781
1533
9065
2213
6206
3702
5786
5283
5971
1717
8876
1566
6469
92
5843
7528
8556
1010
8129
8699
9289
9068
9273
6889
9994
6319
7005
8613
2374
2708
1936
9666
3753
4264
5336
1459
6625
5921
6266
5798
3325
3426
6922
3896
3703
5250
7636
4229
33
3362
5006
2678
673
4233
3058
7542
3483
7995
1446
6989
503
4853
632
6604
7307
1639
4451
6828
1170
5164
1552
266
2195
2447
5230
7718
6156
8212
1170
8438
5570
1439
9030
8049
9575
1362
7415
9060
8427
8066
5863
1502
243
1615
8650
8579
5659
8974
8222
4848
4987
558
427
5282
3562
8915
8164
6767
3191
3743
3232
7999
7820
3379
6097
2829
6026
3766
7823
8500
7499
9845
605
1434
9598
9634
1069
4439
569
1864
5417
8229
1140
7926
4446
3337
6714
5466
7618
8417
9613
6968
6543
7774
6076
3217
9039
618
3542
2049
8668
5135
8664
3378
3837
9097
7390
8038
8940
9008
7667
5029
650
7614
7265
2839
9930
698
5340
3070
9299
3632
3716
7856
2944
3938
3046
643
6974
3619
2218
8689
2321
1322
8861
1024
59
4468
5495
1561
128
2582
6703
2955
7293
2580
7756
6772
1199
4307
8443
4724
6246
5956
3537
1761
608
975
4719
5099
4097
452
6735
9360
759
5024
6632
7935
3648
1444
1809
4823
2155
4953
6959
2677
416
4947
9987
3643
528
2912
3862
4503
876
9573
65
1024
2589
8392
6347
9031
5463
9081
6774
3750
9925
4384
764
5486
923
7262
2660
7431
6768
1107
4587
1531
2958
5298
9079
3653
4000
8212
6682
9220
9521
1685
517
9045
8743
3770
143
8076
277
2198
6893
4587
1533
3782
2205
914
3031
6080
6583
346
6703
9457
9503
5654
7940
8180
8244
3244
5522
1626
7921
6308
7778
260
1047
5581
3521
9711
2019
5852
4564
2631
5776
6678
2927
8067
7271
393
8455
3069
702
3882
9187
6924
2093
2447
4739
741
2823
2477
5529
7518
712
3608
9819
4230
4134
8152
3679
4016
3812
7497
2847
2296
8460
7115
1719
6526
1208
675
5399
8920
9215
4862
7098
9105
9488
1299
4736
7757
9354
1890
4620
6282
7150
4002
7758
8526
5341
9192
5124
7972
7583
5122
4191
206
2526
7846
3120
7473
6081
9293
4376
5783
5768
6125
528
3879
8825
7043
9221
7361
5044
7372
3382
1875
8634
3992
8772
9039
3877
4806
6163
9359
6913
3136
5659
7716
1073
8608
2532
5637
2349
6425
9229
3631
850
5141
8937
4547
5905
5703
6843
7233
739
9055
8791
976
9870
7947
5845
5530
8327
2339
8805
8982
8620
3668
2312
4128
3175
8066
2235
4575
547
5620
9663
8815
2821
604
5875
3151
2436
7654
5840
622
2422
2736
8118
6638
3514
216
2011
9912
7457
343
948
7523
8799
469
233
3813
172
2688
2267
5442
1456
3167
9399
2918
7025
803
8494
8576
4146
3070
8719
6372
1756
7833
406
5387
9554
6639
2570
6892
2011
8439
8063
8268
1452
7301
1165
893
9666
1421
5001
6071
5348
1843
8375
9120
8953
8541
3694
8093
460
5049
7841
8470
4235
4736
6711
8993
7415
2395
6744
8647
1137
279
842
3435
2968
5729
794
2017
5548
7253
3801
8639
3452
4255
2440
2257
1438
1119
7246
1088
9597
2657
3539
257
4110
2551
2516
5439
6125
8642
9165
6778
5142
4694
8443
4154
4206
1845
2530
7254
701
1998
5031
1081
1777
5654
2499
3479
795
3510
6348
9613
5265
9173
4821
7685
7806
2545
3702
7428
7189
2327
1689
4698
5761
9340
7790
1055
8122
1261
4909
9734
7389
5047
7723
4604
2758
1888
4815
4394
1880
7479
1530
6584
6315
9933
2646
6504
9179
1772
5053
4985
5553
9018
9952
3847
4655
4165
3775
1607
5725
8575
3527
7699
5371
3797
636
1334
5825
7593
7399
2101
4953
7700
8418
8878
5166
971
8661
2713
3691
2737
2731
4204
5867
6580
4292
4401
5809
8473
6509
6405
8429
3917
1779
1339
8359
2661
5538
2541
7212
3488
5128
7109
5998
1995
5268
8515
5605
8790
6619
4482
527
1458
7286
2093
3950
6305
1973
9532
7267
8260
4560
8657
132
6757
3297
8849
1201
7886
7671
5386
3001
102
8627
8424
7056
1182
6074
5959
1738
5078
7107
4635
6953
6503
1819
3127
2907
5578
3085
2408
8345
2986
8206
5406
8750
8240
7282
9729
3513
7476
4859
5169
7228
5729
4306
2561
1338
5015
7225
890
7606
2569
4126
1705
4687
1873
5069
1799
2026
3215
3269
9879
1622
5208
7089
9238
4026
1119
4404
5719
4065
7551
782
5340
936
2036
6583
9753
2718
4126
5013
4723
6768
7776
8304
4673
9099
8109
6341
7614
7911
9623
451
2544
1796
3163
4700
8952
1253
9413
3161
2184
5137
4018
4386
3134
2607
986
2722
9835
6719
4812
6855
6779
5482
1079
9870
110
4902
2769
7755
3756
6064
9123
4700
7151
9492
3882
1861
5559
7150
7971
7945
6775
4308
353
4144
8478
3244
6942
9337
8261
2526
145
8177
1379
1615
159
5234
8965
4071
1755
7303
2601
7652
2743
9865
3652
9930
2356
9387
644
7504
380
9417
4351
2274
2005
4279
3255
9751
5591
7243
415
5482
1452
5330
1014
999
3897
2339
1261
3338
1942
9081
5109
8063
1850
7269
8831
9974
5510
4072
5777
2307
4367
7094
9294
8815
9597
5950
8694
6743
1746
7297
8124
7260
9610
1141
9615
13
9733
338
3576
2075
2669
588
5191
4235
5115
2404
2814
8126
4511
1783
4507
4195
4689
3070
7859
7624
9065
6828
5723
9065
6584
2
7993
6686
3739
7811
4290
9648
8291
3270
7931
2764
2509
8597
1539
7439
3681
7554
1386
6659
3880
5036
4901
4078
3321
1129
6292
9228
489
8663
3973
4149
9354
8442
9888
5065
1485
851
2838
4234
9392
6170
9747
3226
6887
2934
5388
8924
541
2693
7575
3577
7931
6859
4387
2445
2585
3119
4154
7269
6394
5872
4077
2646
2493
3720
7355
387
102
3760
1409
7325
9664
7142
9846
301
8249
3782
1356
8886
9561
330
1012
5278
5528
1133
6843
4335
7279
7853
3022
8814
1363
7413
6083
4155
9293
8283
1206
5526
303
4331
124
5526
3198
2805
5531
7290
8284
9637
9196
4713
3979
8943
1245
8935
5397
578
4526
2201
5605
1531
3814
651
7190
4667
6723
2188
4576
6827
9741
5410
6040
9882
6495
9534
3429
9994
3601
2098
4386
5699
447
5567
6026
497
7459
3537
3821
6753
9772
7456
1112
1860
8510
7600
428
1864
6670
7627
7480
7305
6547
1819
3279
731
144
7714
9524
5066
8529
5462
9678
8608
1249
9900
9662
9655
2736
4407
3476
5544
2055
8669
8853
7724
4511
5261
6174
3245
4308
8418
9135
3634
9934
1789
6370
9659
3566
8053
6611
6465
2908
2662
323
1341
4496
4955
3554
8039
7149
8604
7553
5387
8616
6813
8173
7357
9990
8486
5179
9323
7843
9090
7062
6332
8699
9137
9623
4216
3448
6648
2611
9362
8920
3700
4174
764
1333
8696
5141
2833
8396
7570
9846
6018
366
8718
2249
8230
2697
7570
7055
1819
6118
5052
2614
2386
5632
204
527
1952
8851
1640
1673
4685
1006
897
2204
4357
9354
3699
2931
9472
2578
1260
6466
5722
9449
3495
7276
8268
6550
1106
5398
7788
5848
3599
9901
7556
6292
6091
1150
9389
7311
2798
9253
9222
555
5665
6155
6519
9987
1882
1499
4470
2706
691
3367
2967
1709
2173
2503
6419
4209
2607
968
8882
5274
1167
4716
9589
606
7629
4831
2319
7057
5749
7009
3384
3040
2519
199
8678
5688
9953
6723
584
9425
8979
1135
7152
6376
5678
138
3702
6732
1058
346
8291
9620
698
9824
4796
2551
2564
8588
6317
5530
4279
1607
9226
480
3809
1713
7982
7122
1581
7265
1192
3693
7948
5985
7022
5510
8981
2806
6320
2231
4204
4807
2208
1892
6804
7640
6563
3061
2221
722
2329
4885
4975
5809
8642
3648
5605
5862
3126
5782
2417
2850
6329
2378
61
5772
7210
6838
7598
6993
2880
4701
6941
6624
5372
4143
1086
372
4989
7147
1359
6120
9624
1548
4888
5629
7766
3275
2965
7255
9450
1598
3698
3769
1449
8717
1276
9115
8176
3596
2895
220
7637
4600
4109
6673
6813
6479
1660
6797
161
705
5239
5123
7284
7871
8732
4254
8088
8304
6302
9457
2099
8766
906
5665
3977
7305
1276
6957
456
5461
1536
5977
171
3965
5788
7819
2211
6418
8404
2469
4595
6949
6209
7189
2301
5750
4742
4357
8032
5209
3694
2199
1577
9275
6278
9060
7622
1710
6855
5782
5292
3553
4910
8882
796
3659
1879
4354
2384
8477
2717
9888
8859
6461
3667
3023
2208
9030
4163
8468
6616
2202
7061
8108
7746
4238
7953
310
3122
2156
5294
6092
9905
9794
2186
1795
7272
7694
8889
8960
6914
3629
2636
4438
2224
8186
1948
1863
8201
5266
1907
1917
2295
9609
8732
3329
8908
3341
2617
6897
5101
9624
1488
433
5656
666
5301
8076
3174
2035
9929
6320
5842
8777
1146
2397
7996
4464
7155
3902
2673
6702
2777
4242
7458
8204
7178
5027
5239
547
877
4565
8205
402
6701
5917
2283
6180
6583
7117
3473
2679
998
1988
124
2131
4300
7580
4714
3571
9341
5720
4446
1903
6495
3630
4306
4969
1736
7828
7491
9905
1604
5011
1343
6996
1521
9534
2222
6068
6961
1106
770
2067
9671
6912
2272
6394
8534
7819
6224
9965
4237
4321
4281
6927
6561
4273
107
334
8974
9984
1228
5240
4200
5346
3495
9304
2503
4146
8498
8718
1346
3371
8120
8301
2581
2944
8942
4022
2780
1745
4846
1409
449
7523
8939
5806
8785
7305
3645
12
5655
6311
6549
3801
3981
1262
558
9757
4400
4410
5096
6331
6916
7832
6738
2936
5576
22
6204
278
1964
8125
4341
4731
816
8162
6575
347
2869
6443
3027
6431
20
800
3600
5463
910
9098
8841
5243
2092
2319
5427
2134
3302
8552
6761
5725
8968
6247
8500
6886
4099
4374
6891
4045
6911
7003
9319
945
7496
4445
4240
8277
7697
725
5774
3590
6775
2277
8759
6083
746
5512
4407
6774
2130
9847
5576
6716
3536
435
4670
2933
5982
8562
5060
3772
1270
9864
858
5249
7822
7184
4679
6972
6711
4035
757
7878
5507
9614
7021
6926
6073
9215
1386
5963
8974
8410
6909
4196
9097
865
8654
385
9992
4102
2697
150
7250
4501
5659
2244
2620
3255
4109
4768
4795
8354
5587
9054
3751
3245
9833
8465
2652
8473
3183
1535
3820
6401
9010
7552
4503
3171
2954
6229
6290
2565
6828
309
29
1603
4046
2389
7028
6999
2004
3040
6317
8001
6368
4118
1112
5651
5072
5603
8648
8575
973
7843
171
9149
4103
3366
1773
549
1006
6521
2944
9163
1630
8120
6611
1863
3331
7235
3842
5967
9541
4254
34
8840
2721
5047
9730
4357
1305
4061
6806
3944
2598
3419
5695
4247
8024
6488
3812
7276
4822
4370
169
8812
5368
8562
161
6948
9509
3531
7417
8078
8389
1067
7120
1079
3868
7461
1445
3539
6092
491
5359
4144
5054
1727
6198
4374
2748
776
5569
7695
6397
840
8003
1596
1522
6820
3518
4451
2348
8039
3099
7992
2707
1514
948
1158
7245
5079
8381
1863
3874
4785
584
3360
8007
7820
5697
9545
8050
7826
5043
3108
5901
3008
7904
4906
6312
9765
3400
766
6465
6650
4450
8344
2379
9014
685
5672
7069
7106
5930
3426
7601
3700
5489
520
496
1994
5563
1370
7064
1902
5872
2657
5455
8313
4233
7829
9783
2495
8722
1405
5863
8798
1492
985
4627
6104
7034
3186
7392
6683
5738
1597
9147
2199
6919
8573
9275
5281
5906
537
6977
4268
6741
7708
8890
3931
3843
7484
2276
3437
7538
4092
9995
8991
8868
301
5567
2919
9075
4571
9630
6044
1463
9489
4593
9949
8459
9061
9686
9987
3383
5653
310
9339
9140
7074
4839
3007
9652
3058
5443
1956
5033
7332
2363
9891
9122
4914
9208
6100
9803
7664
2625
7556
8854
20
1861
5493
6707
4734
3270
9575
2617
600
3753
4658
1699
5391
5751
6445
7811
2009
4161
1753
8051
1915
6102
2678
4464
1809
7695
3817
5090
1446
6844
2795
2612
6100
1658
2884
1968
7617
6570
314
5724
4877
6033
1280
3477
3987
3795
4773
8156
2441
3510
9931
7434
1918
3173
4192
2880
1319
6188
4529
7265
7853
4297
8539
1176
2582
5165
8656
2018
2980
3305
4624
560
6952
2055
3750
7018
3910
2143
5718
2902
5966
1215
874
2226
7540
3110
7478
7691
6939
1498
2993
7903
7144
9072
168
6800
1593
2652
5523
8619
7609
2056
1685
1007
4859
9790
8058
785
3818
665
1903
9806
5480
9769
2359
4265
4668
3079
5331
9728
3644
67
1242
9446
6231
472
660
7097
3458
7172
5228
3995
7524
6474
195
4068
5383
4995
1843
8039
3642
4603
4136
4559
7074
1999
2128
1217
8374
8960
3316
1369
7616
9658
4712
1909
4371
9499
5308
7868
242
2182
5657
6178
7583
4130
9675
1751
971
7244
7515
3562
530
187
583
8698
2512
4923
1322
7514
3342
4151
8496
3798
5083
3440
2538
7425
9935
2733
6257
5961
6467
4647
7938
2664
2283
5904
9345
8791
4408
291
6500
9459
1076
3739
7665
251
9455
2951
48
6461
4076
3290
2121
7414
7846
9406
7073
7312
4844
4561
7971
7832
9557
1976
6658
899
6875
7382
2138
1662
8590
2267
6810
7790
7609
6186
2463
4122
9840
4827
8796
489
3134
4421
5086
6260
8823
2601
7904
4872
1763
567
6168
7836
2487
720
7654
5770
5761
172
143
7546
7723
359
7881
2716
2366
5536
286
5004
7739
8012
8940
3134
5594
7990
7049
6278
4348
6793
5762
2804
6943
6291
581
3476
6188
4792
1167
1733
4344
8204
8703
9159
6620
9954
1853
8764
4859
7531
7239
8126
6978
959
4136
801
734
6764
146
5140
9724
2499
4840
7421
1554
3241
92
593
9446
5610
7523
3244
6280
6548
6138
4309
8694
321
1003
4721
4340
233
9982
9607
7533
6000
5593
5512
2194
1694
3293
3726
2073
3422
1285
9211
1573
4782
7641
9105
8647
9832
3890
3784
7642
6886
3779
9181
8603
2057
9139
8536
9650
7878
4706
5784
448
8348
9530
4879
9631
3059
7721
8917
7919
8599
4243
5479
4292
6857
4341
6279
2994
1274
7418
5876
2104
2131
2485
4446
7837
7241
518
1781
993
3769
549
9140
8391
5752
4017
8056
2083
8866
3401
2763
3056
1491
2449
1860
8640
1766
9573
2001
6859
6825
9571
5161
9594
6144
2214
5918
3701
4524
1843
5720
3601
850
7960
9739
4486
1785
3394
1667
7882
8887
458
1423
6343
5130
300
3222
193
5153
2669
7047
580
8062
1388
9231
3234
2550
7801
6714
9984
2985
1255
2873
1392
7872
4453
5321
3514
585
5364
811
5454
6721
5597
7610
2033
6227
7928
9168
6111
8332
8602
2155
2191
8830
2637
9666
4925
9422
8954
1584
3002
8286
2644
58
2586
782
4140
8150
2814
2874
5338
9593
2879
6470
553
8052
2665
9795
4787
3884
4529
1011
399
7207
9929
866
7139
4805
9650
6886
8906
1499
6908
1674
6668
9382
5435
8421
1735
8974
2836
8058
299
5351
230
1299
7478
3324
6363
856
4840
9573
4484
587
3207
3381
492
6792
8620
9007
6851
9397
3783
8367
3108
1241
6329
6278
2187
8013
7717
9915
7062
6611
8611
6303
902
3068
7432
7759
1008
3574
3938
2171
4691
8448
9974
2609
9754
7448
6005
5766
2481
8781
2659
352
3434
2120
7982
6735
721
1352
117
5208
6629
5033
4453
246
226
7706
5722
7376
5261
90
7331
5406
8664
4817
7847
8920
4379
7098
1385
9412
9759
4011
1362
9175
7472
9095
260
5785
5409
1755
4822
9624
924
5451
6351
6238
958
3381
8657
9268
851
6229
5699
1175
7532
9845
8317
3327
7302
2089
73
3934
6610
9806
4178
8927
3851
6961
5899
5050
9537
9130
3972
1291
4981
426
1589
5681
195
7503
3527
8079
9362
1714
4723
3056
7682
7228
6144
3577
594
2963
9372
1778
9695
8433
9728
8494
7474
3849
5204
4779
915
8278
9070
4528
3435
6429
2413
5906
2565
158
1391
3116
8805
9688
8580
9018
8918
3979
576
1777
6167
5303
4442
8627
320
2359
4813
612
2013
3105
8677
4073
1156
7870
2450
8902
6059
3302
7753
5720
8862
8051
4486
3663
2424
3702
5362
8480
4180
2046
9467
6051
2643
4555
6341
9553
6733
7613
6582
7938
409
5528
3285
392
5871
9316
1409
2781
31
1941
9392
6801
8490
7357
5198
2494
7223
8886
5454
2952
9476
7353
2657
4977
2899
7053
3883
6674
8586
6788
497
3272
314
9419
2742
9832
1629
89
9161
9108
7206
589
8557
1566
1031
8166
8191
190
2126
1421
1846
84
8297
3814
8118
9257
9292
4220
6979
1175
3957
389
324
3974
4895
9278
5276
6164
6015
844
6105
5925
1918
117
5765
5572
3488
2307
1219
9127
3389
151
7069
590
5667
9379
5445
7769
9342
8101
811
3757
8567
6067
208
5534
4093
3721
3658
7673
5072
7018
5958
582
9766
6703
4422
9825
5405
5955
9557
4018
4761
8743
6863
2465
8003
9962
3773
8261
7471
8880
394
4883
7817
2355
3108
5155
4220
915
2782
5911
4457
4266
4706
9197
157
7909
3008
5548
9463
2746
8113
4442
7691
8964
9048
7750
4273
7286
2963
428
1051
5566
7542
6250
7900
1792
7280
6940
1835
9333
6051
3092
3269
9255
6668
5361
8202
4530
9913
3156
573
958
2252
7243
6628
6995
3209
9511
8668
798
7223
4780
7008
5493
4441
9325
9724
8768
2929
2680
8704
8663
4577
5479
4519
4932
9628
8975
8919
2826
5006
4816
9373
8417
734
2310
6925
4121
3302
9825
1157
674
2970
6208
5637
7872
6080
8121
7348
6676
1770
1459
8839
7113
1277
2509
1147
8112
6806
1668
8595
3100
9994
2968
4105
725
2412
6428
9555
4485
6171
5754
8449
3384
6728
4432
6320
5198
3055
6758
8288
2642
7074
9442
9787
4559
8642
5157
8192
7532
2700
685
5716
9369
3586
5553
6672
1334
9210
402
5659
2022
2575
2603
4437
9953
4878
5211
6068
7200
9060
8116
9387
4896
8486
5080
2050
6384
2604
8641
1839
2926
6180
8121
768
7974
4701
4582
424
4650
4656
7640
5707
3232
3078
4368
98
6430
8093
537
7771
295
6976
2212
3993
7712
9380
5647
7522
5878
5717
7088
1082
7529
524
4865
7870
4260
7788
2668
2013
2862
2184
513
6305
7661
1245
4179
6724
2976
2312
4406
3797
2650
5557
7008
2062
5517
9390
5278
9884
90
8312
5524
7056
8450
2702
5071
8379
4411
946
4612
3111
6934
2909
829
5349
4746
907
7747
6668
4733
418
5112
4112
3903
9517
7990
9497
9621
4188
65
4564
420
5510
7597
8726
292
2701
9370
7355
2233
8474
9998
2216
5816
7065
8496
7978
9474
6471
2674
9056
8640
8003
4563
9469
3794
198
6520
296
3736
2909
8194
7224
3753
5472
6149
9671
3331
6721
4996
3480
5450
9365
819
6542
5892
3167
267
986
6183
2033
3192
1568
7195
7531
3685
9190
9976
2391
2849
6720
3094
9928
2226
7325
3438
6785
5519
3881
8056
1138
8955
4000
7500
6314
2949
6807
6092
7052
7944
8370
8343
9933
1386
5081
2066
6171
574
5981
3432
1177
5802
1562
3745
9016
3744
2096
6592
8454
9598
7046
9092
9812
5965
9802
8743
887
2051
9333
1130
8682
2644
1145
9913
6099
6546
9235
1546
4371
9284
490
3756
966
5966
3681
4669
5951
1999
5694
8657
6554
19
6649
7260
9416
760
7490
7244
9000
1889
803
8182
6907
2571
4180
1760
2156
7755
5865
919
522
1326
4461
3533
1703
5462
1336
121
896
984
7601
1052
4144
3059
7576
2587
3521
8249
1861
3484
4503
5926
6631
9332
9168
3423
5812
6935
5890
5910
9284
3055
9607
2365
9934
7730
3716
1458
7257
9542
3592
2738
9762
6619
4615
2750
2378
5565
9838
5605
8196
9601
661
4190
829
8521
3077
6403
4843
8366
6010
4394
813
8756
4038
6570
9297
5623
5913
163
6854
5556
2300
3144
4595
7746
2589
3529
9253
3598
2685
2087
9378
8742
262
2090
6613
9248
8907
7323
540
9147
6152
3606
4303
6493
7763
3449
6062
5344
6407
9135
1999
2058
204
5201
7585
698
1013
7197
7740
9402
9824
6072
3973
9396
8046
4832
8628
3903
9904
1953
777
4578
1653
5398
4657
8836
951
5274
4754
6200
9866
4932
1947
4872
2624
9208
8069
7323
7080
4158
478
6974
705
2376
6429
4721
3111
3935
1428
786
5902
5432
7186
8420
1223
1062
6837
3943
2610
7594
6060
7101
6742
2284
3336
1216
1832
8416
3461
1893
8433
6403
2512
9211
1164
7383
8567
1292
8532
4116
939
897
2895
8131
6074
5269
2804
5673
2158
958
7389
6267
9213
7615
7764
2162
5168
9927
6308
6070
6200
1866
7481
8356
8265
7094
9151
4041
8047
2530
1323
7082
8901
4838
943
4455
417
4718
921
1106
9178
3080
3968
6024
1257
1860
8130
5181
1785
8767
1967
949
5294
9701
4071
8219
3605
4365
8240
7192
1627
4235
1652
1889
3856
4185
9779
5848
5275
9857
9954
8282
145
9530
3258
1302
5794
2938
1380
4443
1774
5474
1234
6697
3958
9562
1810
8727
5781
1090
9466
6897
1382
8692
8426
4925
3798
7057
2262
1498
2673
8137
1886
212
9363
7543
4804
898
3298
1866
5918
7225
9326
2304
632
5169
6803
1289
8679
5821
6885
821
3568
966
1132
9352
2631
8819
3099
5935
2467
5689
7748
794
1176
801
7267
12
534
5267
92
6746
2277
7815
6672
4451
7621
7558
8714
7772
9960
8501
6112
4841
6909
8147
5502
4702
2593
5111
3286
1560
227
1651
3708
3633
7930
1068
2897
7090
6079
1782
512
3069
8761
2089
276
4091
2089
722
9846
1180
3155
4204
8192
1075
5574
156
297
6917
5855
2474
3381
3294
5790
5056
366
3106
4053
7681
5850
7192
3913
9914
2689
1916
9185
3074
8925
2862
520
6733
1542
3008
5733
2313
2250
7386
8701
4991
6902
1279
5909
2539
1899
9936
9939
1172
7335
8199
557
8982
9100
1839
4468
9911
8840
2892
551
3778
4518
8044
5175
3092
4083
4122
2269
2829
3707
8875
9659
9721
8474
1701
432
837
9754
8969
447
5152
6526
4428
4823
5344
440
7847
4581
5685
653
3367
9757
7963
8209
912
2865
9120
4875
9265
1793
5010
3896
9646
9706
3104
415
9603
5560
374
6456
7915
222
3613
9551
2851
667
3898
7425
4612
1396
9468
644
7836
477
3751
9771
8730
5735
4597
1107
1084
5909
6554
45
1874
6010
3568
6824
6197
2402
3785
4776
8926
2628
3675
4506
533
1963
5491
5980
7863
6339
1187
2639
3143
8071
9004
7114
7456
4848
5570
4180
7410
8709
1431
5457
8639
2002
1545
57
9502
3985
2413
2088
8114
727
5810
2638
3680
4793
560
4723
4050
267
5167
4706
6194
2586
1072
6674
3945
6681
6623
6183
8682
5516
3666
675
3233
5449
6844
4132
5210
296
4007
9838
9619
5898
6754
3318
8633
6782
4556
8259
7154
8313
8249
7431
9024
1717
2043
3476
6590
8760
5810
2403
1807
2406
7905
5407
7137
9098
5090
798
7503
4360
9042
9891
6998
6532
4680
272
5773
8581
8194
4706
3802
1412
8674
7723
4545
5650
6557
4377
8076
4331
8631
215
2339
4769
6914
8920
7920
2538
3019
7776
1065
2364
6462
6910
6610
2567
129
7456
1393
6507
1085
3800
7839
7681
6375
2153
3097
2982
66
8894
2301
8575
5089
7957
2198
1356
6505
3905
6012
1486
3055
8047
9043
5386
2212
3990
6256
6146
6013
6122
4258
9955
4293
9922
2964
6643
6817
9871
481
8450
154
4612
2974
9177
5789
3702
4887
8567
9173
1210
7664
336
9788
763
704
1024
83
8784
727
8081
8892
5929
968
6910
8716
6211
5122
5937
4365
6396
3116
1041
6288
3222
5693
6563
6975
8358
218
2955
7212
5905
2357
3446
5549
9087
957
4880
4677
5620
7806
4512
8315
6143
7376
6720
1867
5246
6350
4120
1522
3655
2367
3450
3762
2119
7592
8963
8305
3736
6273
7230
4241
6179
513
8962
8148
9939
2518
3815
4430
521
3577
1663
2508
3969
1749
5811
2444
5190
6350
6585
1940
4088
8950
6992
4126
8680
2098
