1295
8150
8472
6740
2149
330
3898
7250
2283
7400
9476
6192
3822
4423
6241
9334
8914
9186
8161
7013
1928
1349
5930
9678
9826
428
8761
8473
5352
8079
2592
5848
9135
6230
5450
3713
4031
5052
17
4403
7696
6251
1399
4970
9401
4415
7721
2221
4228
6302
5026
9905
4036
1717
1812
8055
6625
1685
7610
5748
9963
2041
6869
7252
9296
2964
2649
263
3124
2119
2585
4188
5400
8335
3512
1350
5097
6520
6632
3904
7485
1606
2512
9135
6156
5850
5090
8457
1282
7146
339
7552
6172
7033
6188
6391
1687
4391
7120
645
4970
8284
8945
819
8977
4306
6881
7958
4802
5953
449
8429
4396
7981
1871
7256
1177
7479
9424
3885
1317
8136
7964
10000
7583
3176
3176
9803
7188
7098
2691
5976
7788
8139
5039
3466
6993
7083
3639
114
487
7413
912
9331
7972
1153
2118
1433
6480
1355
9401
8116
6793
8499
8526
457
6922
6746
6230
1058
5985
3161
2665
2688
2917
8979
2829
1221
6499
1234
7310
5130
2579
2241
9971
7127
5400
2470
1521
6527
3856
9300
3767
4128
2537
4657
8697
4647
7333
4032
9062
1199
1545
2144
2147
3045
8965
6327
2985
3475
5415
3074
4092
5590
4328
5253
633
8495
7412
6104
626
8725
9684
7872
7567
7349
7611
960
2082
4147
7406
1843
3806
6309
751
8627
9791
259
2859
1123
1421
1460
3470
5194
9258
3059
1132
1462
6851
8134
6793
1268
4917
1388
5753
2247
6750
6385
1013
8010
5399
190
2128
3470
382
8021
6582
2102
1990
7422
3816
4683
1403
7298
6454
4271
8508
6668
2333
7517
8652
2378
9594
9807
1029
8753
5296
3685
7597
9113
6469
1033
95
7841
5901
3796
2198
4269
4965
7313
8444
5018
4714
5773
3127
5789
4695
6869
8955
2857
286
4882
470
6820
3879
2493
462
4324
3250
4766
7569
4140
7051
7241
431
6624
7213
1237
6418
3904
6993
5501
945
2551
2436
7624
1597
6310
9830
9607
5889
4794
4199
7074
6841
5280
7771
1286
1532
213
8167
5292
3594
5102
5578
626
5592
1621
5992
1957
273
6925
8625
9374
5917
6637
2493
9225
920
1393
7066
6036
3384
1327
7623
2568
9941
7577
4722
8937
3219
828
4920
2684
4686
6958
6638
3429
1750
8540
892
8034
8569
5594
373
515
6277
9769
7248
9291
4197
2881
5454
1113
5440
7265
5351
9657
5793
4900
5296
1189
742
8727
1336
1450
2813
2914
2195
3064
521
3581
1607
4977
9157
3560
6163
6394
5498
4003
3786
5352
5912
9891
9448
3
1679
6630
1296
2330
5648
317
5346
9557
3691
207
4100
4557
5193
7278
4981
7569
1150
3039
6604
1322
4626
625
1964
1517
8087
5930
9859
2782
5483
6330
5036
8786
8474
3233
8775
7017
365
7484
6109
8497
6859
7793
2045
5712
1584
6462
6128
4686
8211
8317
9488
8289
9090
925
8233
4706
6554
9669
4292
1438
8078
7082
2472
5644
300
9283
5763
5004
2042
8039
3443
1203
7809
8941
3925
1230
3725
4053
7547
7838
8329
7783
4899
8764
5711
403
7852
3866
69
2899
1592
6314
4106
9845
2029
9098
1502
4315
9797
1498
7015
49
6716
8036
9331
7650
7971
4668
4558
4624
5491
2015
585
3987
8050
7737
6234
496
3568
7570
9422
6844
9388
216
3787
801
579
3228
5097
8387
6333
2878
6461
5123
4185
3025
3444
9938
5473
9773
9394
4661
3576
6655
934
9589
7988
1691
5563
8162
9075
6573
3423
6725
8397
5965
3602
278
6561
7672
4562
7646
2283
9966
1733
8393
5562
5904
3180
8274
1856
8634
7674
4846
2517
5226
370
6187
5117
7642
9164
9073
1840
5836
4653
9391
6880
1460
8473
7546
5651
8112
9356
1782
4329
4307
1212
8197
518
241
3160
6067
6334
6570
1850
6635
8247
991
4822
7976
8211
6964
6209
9449
492
1367
580
1722
9537
6611
666
878
4143
7420
5235
7157
2256
7317
9020
2568
7214
6313
8761
6768
4857
1113
6413
9659
8609
734
2001
4135
3053
2145
6447
1595
19
3169
4123
6962
5787
2997
5466
3243
7314
5695
4916
9407
8300
4134
6237
9719
3582
5099
1881
3202
7244
8991
1431
5799
9978
2807
3024
6765
8371
2898
4590
1908
1692
7786
4512
9641
2397
3912
1958
1786
1267
9850
7421
6759
5084
6072
8276
159
205
2114
3120
9999
5214
1002
5415
1120
6312
1691
3470
4481
4573
6676
1739
2032
832
3975
3333
8007
729
9608
5454
9454
6537
7563
4159
291
3401
306
563
5381
6314
5190
8366
5044
3085
1174
5194
2444
6810
4695
4181
6572
525
7545
3805
3080
8388
543
4675
8483
7487
299
8070
660
5610
1661
7116
170
6943
4441
9968
7979
7371
6073
7638
8590
800
1464
6332
9811
9003
6053
4176
578
7708
794
7638
636
9664
1223
8614
2971
5361
6279
4386
805
2168
9000
2889
5
9673
872
5663
9041
7656
8820
5038
8897
5973
2165
4740
306
2853
9234
9719
8529
4173
8535
7443
9959
5230
4416
4308
6857
1786
4966
267
821
631
4077
981
183
24
822
545
5487
3279
4010
2863
6833
8272
6642
91
2244
7894
3672
7383
5338
8153
9836
1598
8597
3437
8899
8033
9764
1948
2429
529
9735
6795
1442
3624
2022
1718
4232
3659
2131
276
3319
93
1407
9019
7724
1484
7146
9957
9387
7528
6968
7475
5291
1307
989
510
4115
3266
1377
9265
8983
7643
4073
3640
750
695
985
2930
5723
9257
3267
3703
907
4215
9682
5270
4552
4758
5997
3718
9914
2050
4878
7707
1965
9381
342
6972
7472
7024
4153
6678
4395
4327
6178
9501
1804
1139
9526
8072
2349
4349
2417
913
5151
2182
4864
8536
8277
397
3744
3814
7202
8664
8424
393
1201
4663
8107
928
5129
403
5081
5561
2573
7546
6954
4123
4404
2694
8299
7987
7505
1640
1646
9488
6100
2109
9186
4067
3790
3902
3053
8913
6208
1105
2032
7170
3159
3935
8892
4482
8205
5409
3480
311
1291
9228
5271
8786
4268
9871
7600
4568
7682
6358
8241
3177
9305
889
3154
1862
455
1551
5750
8343
8822
9737
1569
1584
7567
7549
6364
557
9330
3524
2236
3532
2258
2600
883
1130
2982
2262
3307
1473
8723
624
3984
6123
4068
593
4025
5792
7903
342
331
4262
170
1372
5957
8083
5969
9019
860
4036
4727
6257
858
6788
2811
7347
5396
9773
9729
5836
4016
8397
2210
9112
7886
5451
9273
9611
4778
6300
3686
2707
5547
8194
7616
3424
7060
4541
3490
4071
9080
8083
3233
4561
3021
1822
6500
8851
3210
5129
4056
3442
5804
1925
2027
4546
7299
5974
6787
2202
2439
2893
6349
7153
8179
7544
2851
8156
4111
1243
5094
294
3547
7118
9957
7749
7235
9174
337
3852
6827
1823
1683
3328
1380
5807
8166
2928
7030
9184
4507
3123
7429
2850
7405
8375
7674
5293
632
4940
4091
4950
8888
6577
4978
7104
1660
1628
2581
631
5800
5371
1926
1557
347
1521
6903
5025
13
586
5268
9550
2756
2755
3777
4845
8307
6159
7085
5851
3778
4911
3225
6747
4886
2583
6246
42
18
7445
6040
7199
7911
1929
966
1638
5025
997
5013
9312
1246
9482
376
5740
2022
7240
8085
4502
8020
4206
9346
8259
3857
9595
4283
6752
9195
6634
4335
7391
1127
6599
6524
1969
3695
3789
8417
8550
7584
8962
3893
8616
2679
2487
2273
3229
7063
5846
5403
8950
9106
3225
2901
7129
7426
6616
4434
7781
6712
6927
7621
6508
8690
5012
7517
3653
5883
8215
1284
9903
5825
7700
313
1147
8852
7070
6902
9459
9833
570
7582
4306
8725
254
8092
6975
5701
6641
3821
1973
4898
393
6426
2614
3482
8964
9346
3799
2661
1811
6492
6362
6086
3947
9009
9829
5130
1388
939
6907
3960
1412
1569
5752
545
226
5574
6226
6100
2660
2314
9105
1127
4892
6994
9702
5145
425
8933
7208
9255
9917
1649
3593
6459
8349
9684
3197
6307
2495
6646
7076
2601
6381
5651
2419
928
8799
750
3482
9853
1904
9554
3441
3544
2143
4085
9889
141
3545
5633
3484
6509
9131
6532
4566
4952
279
7899
1355
5757
3670
6590
4224
6901
163
7560
2181
1476
6463
9254
58
7892
4477
736
7323
6575
4335
38
2268
95
1179
4554
5781
2087
2904
3797
3370
6481
2640
7137
2718
5160
318
4984
6255
7139
9007
2569
1445
4217
2276
6503
4890
6539
3525
1282
3684
765
9471
9482
955
9721
2285
1061
9129
4190
5470
2799
3363
8359
2446
3975
4644
7337
5830
8257
9720
7040
7073
8930
3138
5470
9808
5886
3554
9944
963
638
2685
3091
3105
4636
8284
6329
1809
8215
8211
8874
9730
2415
741
4901
1511
7812
6782
3867
5663
8925
3215
2607
2945
5307
844
2934
4391
1321
3943
7434
3416
1070
8109
7569
8429
3922
4861
1740
9374
3347
9943
6747
5692
9102
2936
6458
3083
2346
6170
2210
2753
9473
7062
9477
8933
8382
8550
5325
2880
9929
3929
1933
1185
4279
2593
8004
4429
1850
815
5623
5425
9107
6065
6043
1608
4218
8550
1475
3549
8599
2597
8354
9333
7697
251
6348
1839
9074
479
9626
7283
8544
9100
2633
6376
4221
9633
1772
7698
1141
3491
8914
4367
7348
5276
630
5516
4342
4696
9614
4012
8491
1809
8608
1926
3543
7895
770
9803
1784
3769
3810
5865
6905
3599
1197
965
5757
7477
935
6554
9253
1299
7192
3091
7823
4507
7095
3658
195
8180
7131
4505
8470
6991
9875
3025
4241
9675
6766
3806
633
7245
2861
5588
4354
1763
4299
5209
8729
2006
3440
4922
4942
6688
2075
4158
6677
9985
365
4219
340
8167
9859
613
4249
5429
3253
5626
594
3832
8144
3374
6553
8133
5966
3785
3346
9181
2348
9398
8067
7885
1707
5979
6619
7400
1861
2256
7307
2770
5604
1994
3150
7168
2707
5530
6235
5474
8661
7508
9115
7141
8158
3623
2404
4744
7808
7921
297
5029
9864
3883
4437
7012
8723
5274
5983
240
6926
2551
7641
2785
3425
4993
2200
2221
441
6786
6268
7273
3243
3242
5882
3155
1170
6109
9074
9360
1575
3808
561
1325
2023
2470
4850
9340
6930
898
2667
9832
9798
4273
2573
7932
6757
5051
8133
6257
6474
3369
6260
8747
9233
7053
8912
2439
5241
7000
5780
1525
9793
276
720
5722
9592
5854
2932
4003
6289
6248
2983
4534
2523
1689
2301
876
4700
1764
1932
173
8659
4292
9660
9915
3918
2565
378
9082
7203
2994
4529
9121
1385
6601
3003
878
1505
5697
4006
8495
3983
1490
8963
9246
3342
1292
9498
4995
9269
3223
6679
1540
9752
8868
6789
6477
1809
5115
5486
8329
8324
9091
4755
2891
3176
3636
1961
6301
5539
4342
9419
312
4033
9987
5866
8823
2909
6100
8760
5870
610
6785
2027
9150
8740
5365
295
4067
8958
8898
4709
4211
1395
1483
8299
1998
9992
6043
5268
4151
2749
894
2642
2842
9989
8535
422
6153
6076
2507
908
7960
9456
5562
7885
988
6191
4052
9576
691
9211
1249
7215
6998
8877
3906
9421
3877
490
7752
4667
7584
1907
3905
8779
3355
1634
3846
8691
5173
8747
8394
268
6358
4372
1385
3402
4671
7106
6542
285
2424
2808
5005
3161
4148
6681
9684
1679
2791
3947
913
9268
2636
4016
8359
5122
9410
6711
3873
5335
2721
9395
6284
1938
389
3677
5931
765
5543
9481
2945
9070
7717
3623
2996
6044
1249
5361
5981
1597
6911
8278
9416
8904
1921
6048
2822
88
8681
9551
9909
8594
571
5527
4977
4874
8294
6773
4989
9982
2909
877
172
5752
8128
8454
5292
351
8366
4045
854
6115
7142
7864
4930
7686
1964
834
6321
9555
5292
613
3924
7614
9052
6051
4075
6435
4118
9105
8523
4988
7567
2652
7804
4615
3901
3740
1691
7094
8414
5811
4788
9789
9645
2488
7096
2296
3509
4577
3341
639
5305
6807
3716
7185
3961
6694
9907
1004
4971
3215
4042
9576
3604
8139
6703
6415
7396
9171
2311
8193
